5.915563669729992924e-01
2.024323109356886974e-01
5.888278608570898243e-01
6.558811628510659020e-01
5.928669894006750596e-01
5.207547051511021152e-01
6.939659705054390670e-01
7.441651016540076213e-01
5.390534354563003561e-01
5.887357344105854651e-01
5.932117072524016876e-01
7.461329684164796916e-01
2.025515351011941689e-01
5.916940659778537892e-01
5.935203434534352951e-01
5.304433164711026549e-01
2.028891245203467975e-01
2.023197281701660799e-01
2.026124324400377930e-01
6.200422229990474321e-01
5.932149379953086665e-01
2.023068717904488167e-01
5.890357250815858592e-01
5.915780385792848151e-01
2.023867168753517021e-01
5.207601329132964807e-01
5.892767295220933121e-01
6.391165423423448289e-01
2.023613831992348011e-01
5.889581116067663658e-01
5.888330557400704990e-01
6.078194679317467930e-01
2.022995954661368501e-01
5.916387562742899675e-01
5.935277448447680015e-01
5.304563399552781888e-01
2.028607388562315705e-01
3.223967324844538851e-01
5.211680139179213356e-01
2.032432812751610030e-01
5.887783406107818251e-01
2.022961831898326679e-01
2.025390978451584445e-01
5.915976815557426605e-01
2.023170108615905960e-01
5.210068036227193389e-01
5.932388864524495986e-01
2.023011219193113774e-01
2.022969365571691824e-01
5.887529940607256762e-01
5.932354924174623179e-01
5.928259900178369790e-01
5.305176509442368626e-01
5.916559766524187580e-01
2.022909560846297694e-01
2.027952086320476965e-01
2.025734031743580132e-01
2.025697070242822306e-01
2.024603579009713883e-01
2.024777238012660519e-01
5.932128964615834832e-01
2.022924493847675365e-01
2.030472680681496556e-01
5.916017804297011295e-01
2.071168191980587991e-01
5.207573659698523372e-01
5.915971105568482713e-01
2.023329491455871931e-01
2.023016420920855651e-01
2.023794575612498647e-01
5.915598466715419335e-01
5.259414682547900455e-01
2.054395514649174359e-01
2.027232746760079252e-01
2.023112575375547451e-01
2.026503789964708702e-01
2.025296747197593561e-01
2.023877380995395825e-01
2.031300122792636387e-01
2.023026156628917605e-01
2.023459299967056424e-01
2.023578305338125105e-01
5.266463185495018351e-01
2.023246236206999171e-01
2.025577041341328766e-01
2.026261718662620837e-01
2.022991876908060149e-01
5.344877189069698886e-01
2.023562684077324647e-01
2.023886426445447029e-01
5.933102340867408842e-01
2.022922357953520489e-01
2.023620605106639658e-01
2.024135224940701860e-01
5.932757675690494281e-01
2.023674563317729991e-01
2.022963232538383949e-01
2.022979054834932455e-01
2.024312900360696332e-01
2.023055079756579389e-01
3.799594751928490055e-01
2.023576691433088826e-01
2.024076613067835595e-01
2.035126776657802949e-01
5.276430416353301567e-01
2.023588169312153795e-01
2.022913159096946245e-01
2.023358688916045978e-01
2.023446167768465642e-01
2.023023600847606573e-01
6.391170339427434399e-01
2.025558949771539829e-01
2.023581771784987993e-01
2.070504069456102769e-01
2.023284809355869740e-01
2.023501161845961960e-01
2.023889921424393279e-01
3.343041943141358274e-01
5.207551865896347110e-01
2.023177442211796517e-01
2.022953336369601729e-01
2.043944757789137867e-01
2.022916477947749314e-01
2.023068963490626260e-01
2.023021292404045823e-01
2.023382633624590810e-01
2.026261877575841197e-01
2.023799477830561244e-01
2.026742296532768606e-01
2.023152027616950122e-01
7.325508785675838297e-01
2.022930881058844221e-01
2.036042400889455095e-01
5.207559154199090656e-01
2.022922210473838689e-01
2.023197250804669167e-01
2.022965436390160576e-01
2.023282789010139027e-01
5.208651107865041041e-01
2.024038631958307022e-01
2.023007396389635559e-01
2.023515260253896386e-01
2.022958249401121122e-01
2.023496221832159492e-01
2.023020201554919240e-01
2.023629738291932156e-01
2.058162286097262594e-01
2.023204345552311878e-01
2.037341907233134464e-01
2.023834395195738267e-01
2.022911491184453681e-01
2.028530485176389675e-01
2.023253321396749627e-01
5.207682602599605914e-01
2.023097809895828547e-01
2.025603454937217052e-01
2.024210685494125528e-01
2.023363374624880251e-01
5.223294993519518314e-01
5.222394411767776745e-01
2.029559395133562205e-01
2.025254883680620566e-01
2.022985942924089287e-01
2.023266247091841663e-01
2.024858314642417056e-01
2.023200303973551328e-01
2.023397877483459339e-01
5.430190042465996569e-01
5.381739311032998074e-01
2.023328905465868743e-01
2.023102521620794292e-01
2.023879134952517589e-01
2.026516871270374054e-01
5.207588019678990321e-01
2.029010674879421217e-01
2.065780662070677565e-01
5.613322715645523431e-01
2.023147013016926010e-01
5.207587853580575299e-01
5.267468850398975277e-01
2.085027563943313567e-01
2.024075169397043794e-01
2.023933217047924060e-01
2.026510386031503685e-01
2.025530773235262316e-01
2.024820948992180902e-01
2.033615527572338877e-01
5.410070075982895688e-01
2.023846564663580594e-01
2.025000435605379678e-01
2.022914504789534718e-01
2.468869043852581768e-01
2.043149637934620344e-01
2.023065224552436092e-01
2.026484842040874312e-01
2.024789292752098291e-01
2.035730380502274173e-01
2.024417522467620856e-01
2.024041314892057741e-01
2.027160818982443047e-01
2.025292051588509779e-01
2.026407693088811968e-01
2.024915257226878040e-01
2.024119434067186418e-01
2.025833989851628658e-01
5.211843470087913488e-01
2.023197523217232785e-01
5.388058775798780786e-01
2.030506311498232463e-01
2.023342655266793244e-01
5.273777726091912754e-01
2.023181266709803694e-01
2.044021891712022310e-01
2.023199076977446609e-01
2.023571527878873511e-01
2.024692853058267517e-01
2.023261405918068689e-01
2.023402830870555391e-01
5.263337164668167034e-01
2.023635573258717457e-01
2.023921814231135485e-01
2.022908060179799961e-01
2.023257037309180717e-01
2.023785961140003309e-01
2.023160103142211952e-01
2.022975708484162638e-01
2.045914894627438585e-01
5.207563874445346741e-01
2.024083071512867704e-01
7.325537958084469281e-01
2.023306543642666711e-01
2.027511100279753009e-01
2.025764370920768442e-01
2.023250524386099869e-01
2.022955506767303291e-01
5.221676082369928196e-01
2.023686061666696290e-01
2.024165850434282987e-01
2.023717574712335932e-01
2.023155227058586192e-01
2.027292090626700016e-01
2.022907447717150475e-01
2.024492743474040068e-01
2.025029810365062133e-01
7.132487082683622859e-01
2.023798245435068921e-01
2.033498410366005871e-01
5.207780654093303596e-01
2.023216047341405144e-01
2.022999720923968070e-01
2.022944844345779813e-01
2.024158926351686816e-01
2.040692673897295251e-01
2.022907799646445071e-01
2.023478140030361416e-01
2.025211860964146737e-01
2.023907794892734202e-01
2.022968937357649821e-01
2.023700998360284942e-01
2.022941117770553632e-01
2.028403701525194336e-01
2.032143512926776197e-01
2.023433303049975152e-01
2.023613018424770260e-01
2.032735391991709051e-01
2.046482013715795745e-01
2.023546065134640415e-01
5.211630906519024720e-01
2.027959268209365007e-01
2.024060052755967121e-01
2.022986824289798591e-01
2.022933256880143915e-01
2.023607547153449815e-01
2.023397195224569955e-01
2.023279177440926446e-01
2.023138436697671239e-01
2.023115183783543714e-01
2.023783477128073827e-01
2.024765091368641023e-01
2.025247879397431561e-01
2.022955189611606031e-01
2.023853586596544574e-01
2.024302421831229992e-01
2.023438042853387131e-01
2.037864210195001746e-01
2.023293129876835295e-01
2.023203751888322799e-01
5.207979476721371626e-01
2.029577174245300597e-01
2.023840847436080281e-01
2.022964486181129118e-01
2.037457145993331054e-01
2.043739053622841695e-01
5.210440517026952989e-01
2.026096731294506625e-01
2.023207543068901160e-01
2.023431632325971563e-01
2.027329663063932585e-01
2.023002620399489970e-01
2.023399054647052608e-01
2.031195598569146554e-01
2.482190273419497828e-01
2.024819394148043017e-01
2.023411039867086814e-01
2.025192037445906479e-01
5.299235320173876218e-01
2.025162873531423102e-01
5.213522705626463249e-01
2.027735645182735524e-01
2.023431974915199660e-01
2.023073748802337590e-01
5.295039995001387112e-01
5.359398774060757376e-01
5.210013351765505618e-01
2.023751490019938259e-01
2.177637554034133061e-01
2.026690130119588318e-01
2.023483304863704646e-01
2.024443292045772225e-01
2.029359987305916491e-01
2.025490836533991867e-01
2.028847286334842792e-01
2.023500368901602897e-01
2.023285755457493451e-01
2.023154353881801981e-01
5.253158575225826965e-01
2.023965064934607483e-01
5.233089731480227158e-01
2.022951185020218645e-01
2.025219667947952829e-01
2.024836907004425868e-01
2.023111320434942684e-01
2.027013288301633409e-01
2.023141585882912707e-01
2.030830818393081216e-01
2.177938098863547722e-01
2.023720942284814583e-01
2.023318207118123269e-01
2.023376539035668387e-01
2.022975482164648398e-01
2.030208170843019744e-01
2.141760838691126878e-01
2.024661770472135913e-01
2.024787061246220432e-01
2.025336952972542903e-01
5.237808270442130265e-01
2.036272526471556432e-01
5.248191977921328188e-01
2.023218841910408017e-01
2.024371035204266533e-01
2.024957467809249678e-01
2.023647493282476617e-01
2.038488702241130213e-01
2.023181960110029820e-01
2.040005824711190741e-01
2.024020221333620029e-01
2.023133863103341312e-01
2.023696665440981590e-01
2.024415712024785208e-01
2.023059178020645277e-01
2.022981031533133134e-01
2.022930787057219959e-01
2.023255876307814560e-01
2.035917837509471084e-01
2.024876131004287316e-01
5.248071533845317660e-01
2.027481090656682028e-01
5.260590207219690839e-01
2.025519225311969151e-01
2.023014584262305959e-01
2.022921873422180994e-01
2.022954303229438366e-01
2.028049044131172707e-01
2.024077701329316525e-01
2.043356641303519794e-01
2.149587458128996431e-01
2.026560356326774226e-01
2.023045222108947883e-01
2.023302732198208886e-01
2.023132693720048891e-01
2.034599855106078437e-01
2.023034329986055369e-01
2.023305216483661795e-01
2.023372760648456392e-01
2.023099260157605883e-01
5.229940647419484279e-01
2.028952875331953010e-01
5.272200341521555700e-01
2.023698720541879936e-01
2.023682152176471405e-01
2.022906831114879012e-01
2.033900836433382153e-01
2.023321588444213504e-01
2.023504623627614407e-01
2.023338052914498419e-01
2.031717764125096082e-01
2.023265512089933438e-01
2.023047630958645371e-01
2.025066466841769497e-01
2.023981397674115001e-01
