2.165255760864903234e+00
7.111031991191330004e-01
7.287346053863876794e-01
2.043029206006230503e+00
2.170039522530066822e+00
2.884996000000000116e+00
1.208275104992752924e+00
1.442146813467223510e+00
3.273613037970712902e-02
7.175715412885246280e-01
7.199728906981400778e-01
2.454538201073154013e+00
7.191122839291799185e-01
2.150477193567446044e+00
7.388963003680970587e-01
2.162866817678981146e+00
7.419021744705005528e-01
7.224441065725529798e-01
7.367677897775497531e-01
2.326918790298845519e+00
7.196877796791815163e-01
7.224030886214661829e-01
7.052184490364608038e-01
2.167766937726508303e+00
7.146510575184157332e-01
2.884996000000000116e+00
7.151217997905344737e-01
7.209704684071468472e-01
7.200293291192618739e-01
7.220482900835445417e-01
7.148186480589528990e-01
2.166552723380180012e+00
7.185923729214597211e-01
2.171635812004743649e+00
7.414060041875982776e-01
2.164615328706888331e+00
7.274851996055439196e-01
4.674710558827457341e-01
0.000000000000000000e+00
7.272091335191089856e-01
7.161658992168506987e-01
7.191989294146928779e-01
7.348966797479811186e-01
2.164027920544106198e+00
7.224478773542466481e-01
2.884996000000000116e+00
7.185963423125908411e-01
7.194940628490567036e-01
7.220529169971442451e-01
7.190022756200948884e-01
7.192190098890774985e-01
7.257222961906937275e-01
2.172654986714483538e+00
2.175096238484695910e+00
7.206299316406670208e-01
7.019260553417833171e-01
7.305847513748385813e-01
7.290280660067482987e-01
7.198661052274252237e-01
7.178490729640828460e-01
7.194504866273937482e-01
7.206797744880744094e-01
7.304053242499972676e-01
2.155749474118327846e+00
7.095265900327485387e-01
2.884996000000000116e+00
2.160684445804359033e+00
7.170372534434796830e-01
7.220451550168590638e-01
7.240083738963152271e-01
2.162182778224786439e+00
2.884996000000000116e+00
7.124183276024589340e-01
7.036350158231742258e-01
7.188253379084182937e-01
7.230154106377597589e-01
7.276775670890164305e-01
7.231754554585052563e-01
7.249026680089268870e-01
7.242403282621516780e-01
7.263622160833355101e-01
7.167221122956625168e-01
2.884996000000000116e+00
7.257221174684713727e-01
7.146247735335049533e-01
7.232385600221924449e-01
7.235857423429900015e-01
2.225475036110819982e+00
7.144972205577022617e-01
7.220184288596017685e-01
7.150011627828358751e-01
7.223700569839628383e-01
7.139275567470092509e-01
7.218444135238043513e-01
7.301549821856101463e-01
7.255786639812852323e-01
7.233505505473186714e-01
7.204817034154384903e-01
7.115580694544093587e-01
7.181845336534239399e-01
9.727640160074806364e-01
7.159093689975708497e-01
7.288857514163712414e-01
7.181577671206483826e-01
2.884996000000000116e+00
7.178192001445592441e-01
7.220953485218498669e-01
7.167777003919583168e-01
7.276318036579176862e-01
7.183511250413812110e-01
7.228217915617914935e-01
7.256746111850336245e-01
7.174019801440507660e-01
6.771510823902471277e-01
7.175045142180959123e-01
7.146056706123578017e-01
7.282588067313345848e-01
6.086428974948639992e-01
2.884996000000000116e+00
7.208958765832831350e-01
7.219002548467078340e-01
6.881916251722757227e-01
7.215772387346195416e-01
7.218998823069469051e-01
7.206676110448605455e-01
7.266250848129724993e-01
7.352012328984609546e-01
7.139600614551203650e-01
7.294939095178151200e-01
7.174283511200973962e-01
0.000000000000000000e+00
7.217606044361613016e-01
7.294997768118921533e-01
0.000000000000000000e+00
7.213314026249432187e-01
7.167017787229346126e-01
7.190591226914783141e-01
7.161360456263973218e-01
2.884996000000000116e+00
7.251162120590058935e-01
7.199021928401559967e-01
7.155500540005074184e-01
7.207710270514837703e-01
7.233919374537662872e-01
7.201521359277757162e-01
7.281782040927252675e-01
7.615701688365614785e-01
7.230486020707310724e-01
6.905669054138859897e-01
7.133209412551745343e-01
7.221117101741011401e-01
7.204041648066458192e-01
7.255927199122740312e-01
0.000000000000000000e+00
7.208285031617436278e-01
7.301733607589961927e-01
7.268632815627765753e-01
7.174081746308388352e-01
2.884996000000000116e+00
2.884996000000000116e+00
7.426671460357964216e-01
7.102046699739394953e-01
7.198557378292722575e-01
7.235806548833159102e-01
7.092646636832219409e-01
7.230418700654251962e-01
7.265713310847145001e-01
2.884996000000000116e+00
0.000000000000000000e+00
7.263303971828484196e-01
7.247298195636791007e-01
7.228779862123604349e-01
7.162398587005325279e-01
0.000000000000000000e+00
7.254671266076129221e-01
6.901122078659031045e-01
1.952569775309636935e+00
7.172457124319170374e-01
2.884996000000000116e+00
2.884996000000000116e+00
7.889734851350865830e-01
7.150157729510437932e-01
7.164903732106427947e-01
7.283737942693033762e-01
7.219246594221216951e-01
7.312666221432162494e-01
6.985333671158354685e-01
2.884996000000000116e+00
7.232623924186567521e-01
7.337707589089232929e-01
7.212161756611605856e-01
8.462643535661098504e-01
7.567735131262867121e-01
7.238740431375256801e-01
7.208623990103600887e-01
7.093640213598855215e-01
7.446789569444288714e-01
7.230868119516536963e-01
7.274367052749013407e-01
7.064006262700590622e-01
7.343662819282524845e-01
7.080798748042571589e-01
7.196292998908003780e-01
7.261289096844533164e-01
7.132978240719474172e-01
0.000000000000000000e+00
7.165471710009829742e-01
2.884996000000000116e+00
7.277404595698726553e-01
7.229780539075105761e-01
2.884996000000000116e+00
7.221836365941763924e-01
6.997114322510394890e-01
7.254902032237081633e-01
7.197814106104624132e-01
7.099747908754415748e-01
7.244578135338963776e-01
7.219018904115612756e-01
2.884996000000000116e+00
7.155464481139554023e-01
7.145212996222267687e-01
7.206405465631915419e-01
7.163311739533932965e-01
7.132280894467085686e-01
7.168553267438919629e-01
7.190165731061639587e-01
7.054509635518499966e-01
2.884996000000000116e+00
7.124352321422261491e-01
0.000000000000000000e+00
7.263048727966451290e-01
7.394826013962115807e-01
7.123246422613190854e-01
7.253319935607306368e-01
7.208351976439649755e-01
2.884996000000000116e+00
7.282619132303347342e-01
7.139978520064034218e-01
7.255507615640179875e-01
7.186884420623438352e-01
7.290730551725508324e-01
7.216064856717891995e-01
7.302871867788180982e-01
7.095891555582163335e-01
1.350475223329530072e+00
7.242811848864471047e-01
6.947343656365466691e-01
2.884996000000000116e+00
7.216315165763078632e-01
7.232995744625079215e-01
7.230416665568579759e-01
7.259386966832934718e-01
6.958237661658120965e-01
7.213973399935960096e-01
7.160981890392320581e-01
7.202399657527996935e-01
7.126262273464076813e-01
7.193350825886811739e-01
7.204182085723555007e-01
7.199343567660567711e-01
7.325711525241197508e-01
6.995622747094721872e-01
7.151748645219474509e-01
7.167176578771701223e-01
7.277083345361964328e-01
6.810741771384474230e-01
7.192675122713981795e-01
2.884996000000000116e+00
7.018810657215288629e-01
7.254860500611028939e-01
7.228553789613909597e-01
7.216537827637801161e-01
7.284492204934825965e-01
7.273392510103101616e-01
7.168829972157541031e-01
7.224332490893746739e-01
7.217503547757083693e-01
7.161512060229365817e-01
7.245255946882962483e-01
7.148842808029357565e-01
7.192616352220481124e-01
7.143911194134453524e-01
7.230507815977654795e-01
7.194581568260358662e-01
7.304922580017925160e-01
7.255931282045932074e-01
7.194156981909268778e-01
2.884996000000000116e+00
6.993757281172156004e-01
7.259928428968090985e-01
7.220377996142818278e-01
7.074200859453170231e-01
7.101577788715047745e-01
0.000000000000000000e+00
7.293451418725126478e-01
7.249967794330205439e-01
7.271314851798024170e-01
7.101182187506274168e-01
7.197826916742847692e-01
7.247449788455190278e-01
7.231758210193409697e-01
8.163304274624403334e-01
7.217458496644705290e-01
7.171791361993689051e-01
7.214245712242287611e-01
2.884996000000000116e+00
7.113766169674761164e-01
2.884996000000000116e+00
7.024190933770784184e-01
7.273718214675152227e-01
7.245907198120229431e-01
2.884996000000000116e+00
2.884996000000000116e+00
0.000000000000000000e+00
7.134602059933878859e-01
6.122869172069880239e-01
7.052439312084352041e-01
7.147011929053134205e-01
7.192575530362772529e-01
6.995083254038766407e-01
7.280986470720053338e-01
7.035548521864746219e-01
7.194596606367121838e-01
7.159615753376320502e-01
7.228431915447862677e-01
2.884996000000000116e+00
7.261114648397207771e-01
2.884996000000000116e+00
7.226665195696128086e-01
7.194294967128384011e-01
7.226468586924919002e-01
7.236858020126020197e-01
7.169867521568200619e-01
7.195832875881267299e-01
7.214703637956245696e-01
6.122043508164569658e-01
7.261484762707047791e-01
7.156651284064797780e-01
7.160973533016070647e-01
7.235229798498006293e-01
7.443384396950505355e-01
6.634127063711348082e-01
7.306216550920563435e-01
7.104339970775378488e-01
7.087511308130315379e-01
2.884996000000000116e+00
6.902142088573076650e-01
2.884996000000000116e+00
7.179064482725522334e-01
7.214238238662550318e-01
7.314371371356993556e-01
7.215826565030986073e-01
6.872350858137649121e-01
7.258256142088584939e-01
7.566447064023205105e-01
7.191627209462242432e-01
7.170781226298146294e-01
7.168946821263444402e-01
7.117746350677659484e-01
7.220657008908489827e-01
7.200509168087483314e-01
7.225274231834361016e-01
7.186925818720144576e-01
7.456442939236789247e-01
7.263547870000541806e-01
2.884996000000000116e+00
7.237538001170001900e-01
2.884996000000000116e+00
7.074178234793566666e-01
7.236153492940511356e-01
7.202041033764665645e-01
7.230829672272458541e-01
7.020816525824203902e-01
7.305648948743044269e-01
7.032918221182327123e-01
6.227919474922128940e-01
7.104787271602972520e-01
7.179773511378189088e-01
7.245491888429496097e-01
7.229553574966606222e-01
7.490388236789997656e-01
7.229830732378227376e-01
7.226780539222222854e-01
7.161065104162606110e-01
7.174331552010848601e-01
2.884996000000000116e+00
7.180945202622724954e-01
2.884996000000000116e+00
7.198700353787963468e-01
7.145554513574730038e-01
7.213056251260973051e-01
7.385732205067827572e-01
7.175377656125928594e-01
7.271273253369004985e-01
7.225412832086102188e-01
7.350570350885933246e-01
7.172667900969006416e-01
7.179414790603402263e-01
7.100234361150953299e-01
7.214804162169244917e-01
