7.403284375711224996e+00
7.466056300670459223e+00
7.475896626380601262e+00
7.458003801042433878e+00
7.460161501382181370e+00
7.466056300682666347e+00
7.458003801044204018e+00
7.461569590672640473e+00
7.465653963163037865e+00
7.465653963166120732e+00
7.466056300672510915e+00
7.075136060604021893e+00
7.075136040357545397e+00
7.458006267149148272e+00
7.475896626405234002e+00
7.464396687105399053e+00
7.465675289994576858e+00
7.460161501384814819e+00
7.467397930021292041e+00
7.458003801044033487e+00
7.464396687103826977e+00
7.461569590671397023e+00
7.467397930043497389e+00
7.480431785689058088e+00
7.466056300670750545e+00
7.458003801044911896e+00
7.458006267148205914e+00
7.458003801091687812e+00
7.466056299812661834e+00
7.465653963162543150e+00
7.075136060607760236e+00
7.480431785696652902e+00
7.465653962288995693e+00
7.475896626387738664e+00
7.465653963167374840e+00
7.466056299815578612e+00
7.464396689394686035e+00
7.465653963162427686e+00
7.466056300671198187e+00
7.465675289994287311e+00
7.467397930008136342e+00
7.458006267898283248e+00
7.461569590672134211e+00
7.465653963163621398e+00
7.458006267896497121e+00
7.465675287509792923e+00
7.480431785689798829e+00
7.403284377296134977e+00
7.460161499146680697e+00
7.075136060602334354e+00
