9.435778734589943539e+00
3.306024872775787049e+00
7.064868274325332820e+00
9.414944618815656696e+00
1.605621295326285392e+01
3.494464924379547366e+00
8.824915974655638706e+00
1.606122345495302639e+01
3.876446332508425296e+00
6.970292299789608848e+00
1.055438289577893585e+01
1.568722723933111141e+01
4.385886185552065442e+00
1.191431315427169935e+01
8.599253244056615841e+00
3.308749317643979726e+00
3.719255273595620359e+00
3.260757789101837556e+00
1.433921206837196216e+01
1.106795112084694388e+01
3.243756035295331852e+00
3.263061057573682699e+00
3.264768987309930370e+00
3.247641024334536830e+00
3.260495873026514779e+00
3.258187920122177506e+00
3.265962890187597889e+00
3.262877449123739559e+00
3.330936764321300370e+00
3.262299422816286487e+00
3.555304311657172089e+00
1.352919610488594415e+01
3.266392762028997421e+00
3.264037635352211808e+00
1.191707710756575622e+01
3.236416545495125696e+00
3.250183626679120419e+00
3.270713711219287667e+00
3.281872634247063658e+00
3.257408981733042275e+00
3.266498779040311273e+00
3.371810706186842754e+00
3.261196722546639393e+00
3.255584395131251529e+00
3.268839159509823844e+00
3.249557368790750633e+00
3.262010805018125126e+00
3.273873982906438496e+00
3.318761267567806872e+00
3.248030817980739560e+00
3.268295704058373996e+00
3.260613052511259546e+00
3.258344924440912838e+00
3.280308713748564919e+00
3.263212139851428883e+00
3.262804799375830012e+00
3.279977340378521955e+00
3.253159910153725409e+00
3.258129588623871253e+00
3.369743652100031905e+00
3.261977239810530893e+00
3.250760610020995589e+00
3.253542516352828429e+00
3.240765991898859166e+00
3.263759640314662924e+00
3.285374542291309208e+00
3.357820001937303456e+00
3.263616465603657257e+00
3.295256820588018165e+00
3.257807809709024838e+00
3.260051731889373805e+00
3.268156203114872760e+00
3.257573556443797980e+00
3.268952898852425015e+00
3.258723968927091263e+00
3.263658122842707510e+00
3.275806692350793803e+00
3.583094578538180475e+00
3.408398967523558643e+00
3.581473781181534921e+00
3.239331982527909215e+00
3.260324696167006042e+00
3.252465019206059349e+00
3.237428619310438904e+00
3.257486791587519637e+00
3.269485221289553323e+00
3.260332093857518654e+00
3.256275439550483597e+00
3.252348505592402184e+00
3.277217789948823956e+00
3.265558492082497821e+00
3.387463156784937812e+00
3.260791843371502630e+00
3.260897362305255509e+00
3.258010075857955989e+00
3.283847588100300641e+00
3.269251587520268121e+00
3.265952660907284422e+00
3.256955188597755679e+00
3.260988236422328157e+00
3.260695749452368286e+00
3.239608360545593424e+00
3.260286008636829269e+00
3.231468516971662819e+00
3.270903849713107991e+00
3.268523311397625086e+00
3.255485793682010964e+00
3.256491683550798211e+00
3.260489223425332206e+00
3.282580293926447901e+00
3.270266879178960640e+00
3.259667356309236208e+00
3.314396470518399251e+00
3.258034999842915003e+00
3.260524280957469490e+00
3.290837298046811910e+00
3.237705081400263030e+00
3.260692097631137987e+00
3.259917507273690784e+00
3.577393169440732823e+00
3.307767223061061745e+00
3.333045932890416285e+00
3.270125877129106851e+00
3.256199236306665856e+00
3.313459040458833993e+00
3.278250303402307164e+00
3.263415240440447285e+00
3.250731483277239597e+00
3.257683847719704762e+00
3.288002684573653855e+00
3.261262706028739355e+00
3.263875721863454871e+00
3.251972287891706781e+00
3.267332591520610396e+00
3.266164390445759125e+00
3.273745264389332110e+00
3.259792608310097428e+00
3.285018597844271415e+00
3.236025866982680466e+00
3.560263694827577652e+00
3.308195524047963687e+00
3.261787245528203982e+00
3.280126794803272183e+00
3.258049659952396038e+00
3.252968555320614907e+00
3.265954652360117283e+00
3.264746442080993294e+00
3.256847883917916242e+00
3.356365339782869217e+00
3.259782580836763533e+00
3.264702759088359940e+00
3.634789394648386907e+00
3.252186792925572334e+00
3.204636090597432485e+00
3.262427255368217427e+00
3.278531636374889313e+00
3.267090733803494462e+00
3.452925439599713542e+00
3.255363124134172281e+00
3.266774828096165262e+00
3.238515943663664132e+00
3.358004578782488370e+00
3.235690844492509655e+00
3.261280441119162710e+00
3.264075474281643352e+00
3.262362649994482222e+00
3.305877157869001159e+00
3.250067103884048514e+00
3.245688788374602840e+00
3.267027067775130966e+00
3.269371962167534562e+00
3.267046732571030176e+00
3.252852857563357514e+00
3.242907083421479264e+00
3.368625030237136553e+00
3.260022146704707691e+00
3.272808756751147019e+00
3.261578882233138188e+00
3.243811374764315136e+00
3.532731029625039376e+00
3.293939774806348364e+00
3.373758319021308960e+00
3.290720245296749891e+00
3.260895226943859360e+00
3.262480443942642694e+00
3.266375858407138288e+00
3.255666106670212390e+00
3.262043900742153113e+00
3.253287579065995416e+00
3.271254297031505942e+00
3.259974691079365883e+00
3.262202192971100256e+00
3.262980185210955231e+00
3.260538352926856565e+00
3.262726316576144203e+00
3.255864262430332445e+00
3.264537943253804197e+00
3.458783322426658202e+00
3.241070392522652277e+00
3.246211667625009678e+00
3.255076955978261299e+00
3.378749594516265997e+00
3.262303830533341387e+00
3.261031135775894096e+00
3.258140663547101745e+00
3.724531002530135471e+00
3.253555931251681521e+00
3.262575061856475944e+00
3.260988596604317280e+00
3.314190971735145652e+00
3.228367589797457526e+00
3.260361620140765471e+00
3.273292853113579870e+00
3.262944332826405613e+00
3.256591027917664416e+00
3.292011029028814928e+00
3.263204961901441159e+00
3.407571030423350411e+00
3.239705109324575449e+00
3.246076993226338026e+00
3.294333689397294318e+00
3.370571399882090979e+00
3.261663944525380998e+00
3.261702409195860852e+00
3.263589047617599270e+00
3.725364840028745128e+00
3.251342270412916680e+00
3.263391856797574597e+00
3.238933801036385951e+00
3.321916370603873681e+00
3.720717211690633075e+00
3.230154980862908864e+00
3.260956502053824924e+00
3.223586301162320034e+00
3.259021445821821850e+00
3.260515591935010615e+00
3.364525407735686535e+00
3.510059514427187999e+00
3.239379818510163211e+00
3.271321870644363639e+00
3.272251559392253206e+00
3.239726919495384827e+00
3.253706411447888414e+00
3.490841032180347359e+00
3.254855578857341225e+00
3.726061206994468300e+00
3.258353804158432787e+00
3.270549788358436238e+00
3.345505862443201028e+00
3.251988024537520339e+00
3.264326507993351889e+00
3.245180190770196038e+00
3.247801960680490208e+00
3.288962820703255741e+00
3.254913251746440750e+00
3.262329845145536478e+00
3.294842950451079666e+00
3.280549989173843883e+00
3.242945821317004373e+00
3.241064445059516075e+00
3.261099648449831356e+00
3.239218875425891042e+00
3.258326477858724868e+00
3.570270089747247688e+00
3.250259789873231497e+00
3.262550583091770928e+00
3.253982622924123103e+00
3.263929677257013218e+00
3.263019421386453178e+00
3.258176717045070614e+00
3.259688805851464366e+00
3.245194391723218441e+00
3.253739910322596796e+00
3.290135508066923897e+00
3.262651686518521998e+00
3.259724725170574544e+00
3.339523827727354899e+00
3.528540909275599713e+00
3.228377490466273425e+00
3.266964705949428005e+00
3.258457664527423692e+00
3.262770607981872129e+00
3.256514210873181714e+00
3.580531326559467153e+00
3.251616501378393309e+00
3.247381440412284714e+00
3.708402507483773647e+00
3.264740086777188299e+00
3.263028536646694011e+00
3.259795388473567535e+00
3.259814120741554522e+00
3.500570760802435455e+00
3.253646921184845109e+00
3.275807548545768721e+00
3.263137241432392255e+00
3.269483315620576480e+00
3.244352906896650346e+00
3.532955047137539051e+00
3.240823728404096826e+00
3.239705176971576783e+00
3.298626014084526048e+00
3.266278587540087042e+00
3.257974251474980765e+00
3.273669360035752707e+00
3.253394992876858183e+00
3.256509846101769856e+00
3.269069053942511349e+00
3.265974493833581072e+00
3.266298006328164139e+00
3.279188675687068955e+00
3.752301998381303960e+00
3.251502490891111652e+00
3.246629869229036736e+00
3.284919263269422629e+00
3.263796977835737856e+00
3.264852543441782995e+00
3.265788015292700130e+00
3.523795081934876006e+00
3.239906010803454972e+00
3.241704874230386668e+00
3.341656911283758635e+00
3.262314762853282257e+00
3.259487650698570160e+00
3.259077964309463837e+00
3.249248713216871476e+00
3.257246469169421843e+00
3.256026702906710035e+00
3.261360841437987101e+00
3.264977943830366769e+00
3.266323252319900838e+00
3.269092678679469177e+00
3.232553173690776660e+00
3.247728555159931751e+00
3.261284426861142727e+00
3.249734914178110667e+00
3.278566495172035467e+00
3.261313135844982725e+00
3.254859331681252854e+00
3.240815378596228591e+00
3.254142671112019158e+00
3.246309041536764362e+00
3.382652955857905042e+00
3.260606745914733651e+00
3.281968201184586764e+00
3.237122686089779044e+00
3.261688860180957050e+00
3.262257264177710336e+00
3.265896007120196121e+00
3.266079819737516932e+00
3.258888834280967206e+00
3.249251253407466233e+00
3.234882465075188396e+00
3.248856641099173714e+00
3.252176905883845670e+00
3.256838560886980538e+00
3.282535185282027257e+00
3.260761328272816062e+00
3.253998753106191799e+00
3.237687635015181531e+00
3.249296595148458699e+00
3.343199325701595281e+00
3.268676431902813651e+00
3.259795692986459326e+00
3.510102021317956122e+00
3.258839333645079606e+00
3.265903509877200683e+00
3.266515076216168101e+00
3.262342379525881686e+00
3.251134980368280303e+00
3.267496117826191426e+00
3.278279236615686987e+00
3.237245294526911454e+00
3.250929488336175233e+00
3.256787619276438228e+00
3.256173401623471797e+00
3.282677872299123223e+00
3.260124442480078599e+00
3.393921085547244587e+00
3.238978813179410832e+00
3.252838454068906593e+00
3.300626821522182119e+00
3.257698719172064106e+00
3.260358880894668854e+00
3.520143456348187705e+00
3.289348732879759929e+00
3.259969815485800115e+00
3.256918583850932691e+00
3.255849926881759782e+00
3.452050009207039860e+00
3.244807246183102567e+00
3.280010595908166682e+00
3.238894436998644988e+00
3.253503414014272010e+00
3.398504856728193690e+00
3.240344372625595160e+00
3.284265219916658651e+00
3.251686181494277683e+00
3.520745254752556175e+00
3.240461166667615522e+00
3.516873766891997821e+00
