6.849999999999999645e+00
3.989999999999999858e+01
5.660000000000000142e+01
6.634999999999999432e+01
7.484999999999999432e+01
8.115000000000000568e+01
7.745000000000000284e+01
8.345000000000000284e+01
8.354999999999999716e+01
8.454999999999999716e+01
8.554999999999999716e+01
7.600000000000000000e+01
7.790000000000000568e+01
8.115000000000000568e+01
7.904999999999999716e+01
8.615000000000000568e+01
9.170000000000000284e+01
9.234999999999999432e+01
8.770000000000000284e+01
8.890000000000000568e+01
