5.915797789566674680e-01
2.049747160368715626e-01
5.960920476614370855e-01
5.921433868393650712e-01
5.928795816864926849e-01
5.207589373160343982e-01
6.939604506235488302e-01
5.928313778309046711e-01
5.391044285396429103e-01
5.887730206643864150e-01
6.836403046193817445e-01
7.461381621251481633e-01
6.671573518495534927e-01
5.928124926681839213e-01
5.932292458006385161e-01
2.069737200394685672e-01
5.572857174579377570e-01
2.022941504635857868e-01
6.138135662743282595e-01
5.945531124783212107e-01
2.039441418562111252e-01
2.023111365911391957e-01
2.023328272631230718e-01
2.025168645023756042e-01
2.022945424044921836e-01
2.023104114878782056e-01
2.023578104180687731e-01
2.023104092963530221e-01
2.083621463594864665e-01
2.023061497382476759e-01
5.229658484655939077e-01
6.030858506594736212e-01
2.023640670949751197e-01
2.025019101801186494e-01
5.928085871946668917e-01
2.040004395307013496e-01
2.026122615156351614e-01
2.025698302708631715e-01
2.029786424598052363e-01
2.022948094338739011e-01
2.023689844880118827e-01
2.175988400337978135e-01
2.022963212021577917e-01
2.023903275758156539e-01
2.024457211343504426e-01
2.025243072641709219e-01
2.023071145755448441e-01
2.027642888546319355e-01
2.066222680836924397e-01
2.031130420823465954e-01
2.024785966492155254e-01
2.023955287700003325e-01
2.023024621207083484e-01
2.032527118429827695e-01
2.023190405918819934e-01
2.023196828657196633e-01
2.030656259687448895e-01
2.025460733450366035e-01
2.039048766644215860e-01
2.163512004364429586e-01
2.023017462295220170e-01
2.037944534456066492e-01
2.027630438029071058e-01
2.041953571834254078e-01
2.023192649792386888e-01
2.032258424824746612e-01
2.136826731385097489e-01
2.023236555155518701e-01
2.055826006317138521e-01
2.023062332016793974e-01
2.023057157453660437e-01
2.023961756933454481e-01
2.023712948788238819e-01
2.200547720797905171e-01
2.023103744070642307e-01
2.023347619293547339e-01
2.027419686451583658e-01
2.891806611264149396e-01
2.347906398375316783e-01
2.766876177687800364e-01
2.082548086838000856e-01
2.022922800847357649e-01
2.026163306243740081e-01
2.047246089325938101e-01
2.022957100069922021e-01
2.024903665551507359e-01
2.023035186609947189e-01
2.023101829929769835e-01
2.026258812815395771e-01
2.040335148587546499e-01
2.024393963239923266e-01
2.198186703325779590e-01
2.022998469327665916e-01
2.022947448619349942e-01
2.028291945479532288e-01
2.038761974552869560e-01
2.025112662382921869e-01
2.023842575338941074e-01
2.025169826552000174e-01
2.023594485874751214e-01
2.023065099981051773e-01
2.039931041747626850e-01
2.022927203294324627e-01
2.055660645429489009e-01
2.081588503698892367e-01
2.024397674306461781e-01
2.023513441172637428e-01
2.023004334117031178e-01
2.023274353295567707e-01
2.047758134553783194e-01
2.026577862748037973e-01
2.023157992261106486e-01
2.060430538321122995e-01
2.022964466688446095e-01
2.023010200228565481e-01
2.042179442576079751e-01
2.077210889163092489e-01
2.023240294679871099e-01
2.023222820050110116e-01
2.821098299984514668e-01
2.052079713914238823e-01
2.140621508839926079e-01
2.035951745686821468e-01
2.024339314231236031e-01
2.058223770710840839e-01
2.027784232445606349e-01
2.025923524940713705e-01
2.024229693771113503e-01
2.024044260280124519e-01
2.070987079501307448e-01
2.025955788655258161e-01
2.023202156742955893e-01
2.023668837771461781e-01
2.024561324015357044e-01
2.023561444317838465e-01
2.025932038702862314e-01
2.022913511359485383e-01
2.116801670030117322e-01
2.030632639692653285e-01
2.757086988288195428e-01
2.053053218238511946e-01
2.023088710621010478e-01
2.031522564343708481e-01
2.023536639016203509e-01
2.024625376782669406e-01
2.023885224715984421e-01
2.023437273168982031e-01
2.022972279277910346e-01
2.173697928328772733e-01
2.022952260476555963e-01
2.032733182405577210e-01
3.030973971265966682e-01
2.023547500211817507e-01
2.132243301849046091e-01
2.023068298875179138e-01
2.027904742056829690e-01
2.023810208331768834e-01
2.355564148132804903e-01
2.023392473230467559e-01
2.023685282091483018e-01
2.028928937017964174e-01
2.198247452236978816e-01
2.030744092908962628e-01
2.022979746021755787e-01
2.027783975340655687e-01
2.023765847994178912e-01
2.054860599694476875e-01
2.024368418889590515e-01
2.035820034106503584e-01
2.023949183836046828e-01
2.032835954542528967e-01
2.023778492415306829e-01
2.023439553379668965e-01
2.158453700034543843e-01
2.202782659477042770e-01
2.022943817220017593e-01
2.026220806831000587e-01
2.023146358719580817e-01
2.027919708441707769e-01
2.624876482417111134e-01
2.038603938221017486e-01
2.157894119430263657e-01
2.036207161609508987e-01
2.022980927535629192e-01
2.023092234157486402e-01
2.023591040144987474e-01
2.024476497202600811e-01
2.023140960020546331e-01
2.030109790076366494e-01
2.025576996146956077e-01
2.023176488834961262e-01
2.023079031006007611e-01
2.025263331542621614e-01
2.023156708359037381e-01
2.023386227602870235e-01
2.023592379210663594e-01
2.023402271917147388e-01
2.369616804696921264e-01
2.028142728574424680e-01
2.025667098900880703e-01
2.023175904823526494e-01
2.167964356969749318e-01
2.023076108484209712e-01
2.023210334946137223e-01
2.024012394515333213e-01
3.384480777375058480e-01
2.024032158892667965e-01
2.023142833789366435e-01
2.029519365620187088e-01
2.287803094596556619e-01
2.041736487185952242e-01
2.022963147461789291e-01
2.026123918271105495e-01
2.023120075291053865e-01
2.040985037731024576e-01
2.048203831338035741e-01
2.023146442663934508e-01
2.285365141554089874e-01
2.029945871147642578e-01
2.027891222665196835e-01
2.042165158831430460e-01
2.197757922452625579e-01
2.023095386558715347e-01
2.023133900015308129e-01
2.023182895482866783e-01
3.391086331687871436e-01
2.024639693523324624e-01
2.023187027925876791e-01
2.028449241342666909e-01
2.362559379895392553e-01
3.341329413113998115e-01
2.039232500937968595e-01
2.048692024733460570e-01
2.040678151454580203e-01
2.022952756822435916e-01
2.025505359693040575e-01
2.181050257290388927e-01
2.529313504837977788e-01
2.033608273751754680e-01
2.025535953195936045e-01
2.050804861848085636e-01
2.040202514631639374e-01
2.023567506407175642e-01
2.488060790850639137e-01
2.023255769155989370e-01
3.397947142178621149e-01
2.023161687886565474e-01
2.025185864752749865e-01
2.117251538635125385e-01
2.023631036658146698e-01
2.023683124510684550e-01
2.025957152865887068e-01
2.044807930171828048e-01
2.034978644599005904e-01
2.046810254006556917e-01
2.025259853080561001e-01
2.124242447396724742e-01
2.078945009168373659e-01
2.028272863681541693e-01
2.035428954570610571e-01
2.074981897041690004e-01
2.039002739847530776e-01
2.022930759604992801e-01
2.772827620447975150e-01
2.024177479393625134e-01
2.023207552300716472e-01
2.024229001152892948e-01
2.023284056698448907e-01
2.033748518572542352e-01
2.023602127166634901e-01
2.024358612304943961e-01
2.025803225202862379e-01
2.023275521991001469e-01
2.037833498083090333e-01
2.023162925785824129e-01
2.025078877161439195e-01
2.168977500786359869e-01
2.586505556976606002e-01
2.039489021293325877e-01
2.023706982906539054e-01
2.087098402317613122e-01
2.023089929307451129e-01
2.023206465401861109e-01
2.794427286986236325e-01
2.023770171339593915e-01
2.055410324554225454e-01
3.398780593946204576e-01
2.023386271471512288e-01
2.026157539622159831e-01
2.023305116350657684e-01
2.032785237222691777e-01
2.531262235107698544e-01
2.023288699657497247e-01
2.035387530602905670e-01
2.031219809563369338e-01
2.026137377324603861e-01
2.049959670301078063e-01
2.603664467157935647e-01
2.030161304161532954e-01
2.040363444033106433e-01
2.043815073686232608e-01
2.024035943680466687e-01
2.023393748513342416e-01
2.025973972995354089e-01
2.023326123548319089e-01
2.023569794575914571e-01
2.027207705210640754e-01
2.024052883650346857e-01
2.028548467767707919e-01
2.028345311250694394e-01
3.644948960561436024e-01
2.023667175904177995e-01
2.024990401278383700e-01
2.036572391096944656e-01
2.023391723326612990e-01
2.024230112947513760e-01
2.023518156912027521e-01
2.566370759601754870e-01
2.030678352915984419e-01
2.039500062522412449e-01
2.103385975374525430e-01
2.023043665114014900e-01
2.023316633575298340e-01
2.023221646162705056e-01
2.026852938850494112e-01
2.024172666364556505e-01
2.023287526849992801e-01
2.026995468829371205e-01
2.028152595423167170e-01
2.023667461980354076e-01
2.030840816728316511e-01
2.032771504882573410e-01
2.026361768065605418e-01
2.028398394153594353e-01
2.024114981861817597e-01
2.028227423679380692e-01
2.023008343649470575e-01
2.026080466096482624e-01
2.032032397773759769e-01
2.031913226276609308e-01
2.026031491296809151e-01
2.216251544345055891e-01
2.023804931163208920e-01
2.029826645220387249e-01
2.038771921866926462e-01
2.023324244926767435e-01
2.023045086997425912e-01
2.026296201745045877e-01
2.027467865174932271e-01
2.022909803714769694e-01
2.024985980118509943e-01
2.031259517226704503e-01
2.025046636911680409e-01
2.029681488991110783e-01
2.022982641831765349e-01
2.030776243595200370e-01
2.022969594611367938e-01
2.024533513124007200e-01
2.035249886986809642e-01
2.039366770397421647e-01
2.105196144629593036e-01
2.024374364985517261e-01
2.022918122642716199e-01
2.541330606321849928e-01
2.023409264787021655e-01
2.096322274859616641e-01
2.023881184469349392e-01
2.023386143320964337e-01
2.026004402074645938e-01
2.024228878884963834e-01
2.036921853927351478e-01
2.042743915400562216e-01
2.023973519691741885e-01
2.030957598878373460e-01
2.023048139714180849e-01
2.030246618820532589e-01
2.023767929122390896e-01
2.280753117905289784e-01
2.033052100280752228e-01
2.037079166177049316e-01
2.045485272866480742e-01
2.022949248890464347e-01
2.023873394247619473e-01
2.586789133981035604e-01
2.040797607922568702e-01
2.022913293463224349e-01
2.022961472720856690e-01
2.029645746129489225e-01
2.493838571275981408e-01
2.027752296168889856e-01
2.035192780959631520e-01
2.041025305008146162e-01
2.023492931147599094e-01
2.250143461756266561e-01
2.028081240792349860e-01
2.031182752714277839e-01
2.023843028553722334e-01
2.593023166196219975e-01
2.031438641261367195e-01
2.645670568894038510e-01
