2.163584205372822034e+00
7.285767209771532027e-01
7.403871761776317229e-01
2.169142056412729946e+00
2.156368082508041351e+00
2.884996000000000116e+00
1.208254028854901962e+00
2.162930476251267109e+00
3.288561658615263977e-02
7.159133436704363529e-01
2.160299821789939845e+00
2.454541995339395211e+00
1.539845019950824456e+00
7.197875852286729215e-01
7.163818752899783204e-01
6.833827408942390047e-01
1.509311800047167029e+00
7.208024130568375654e-01
2.245845105546734111e+00
2.163920664022920715e+00
7.524931359223300253e-01
7.216900514869921679e-01
7.205673079026736483e-01
7.150700449195129815e-01
7.223863215184427311e-01
7.250445896932520284e-01
7.190624859280799752e-01
7.202283116509541339e-01
7.366443952405666851e-01
7.225910850866990032e-01
2.884996000000000116e+00
7.226076940400214532e-01
7.231474915242657175e-01
7.096057987208722606e-01
7.211802026341910254e-01
6.943284650226281274e-01
7.085979508347500788e-01
7.135035570919903147e-01
7.175280740419152092e-01
7.203384003255667301e-01
7.188373996622818840e-01
6.767413609538284192e-01
7.216816063727132802e-01
7.133312210753911531e-01
7.193860195275445513e-01
7.303977512159428587e-01
7.233137315432502934e-01
7.326524254337319908e-01
7.349323017298596827e-01
6.992275032669474921e-01
7.134943836714606746e-01
7.124920105816890947e-01
7.242012239422283004e-01
7.042130763228567902e-01
7.234737980517497169e-01
7.241736540964198721e-01
7.338360969051863636e-01
7.087806289180982322e-01
6.865013363629899334e-01
6.859156011027535138e-01
7.218974035623032526e-01
6.889427257339070243e-01
7.033386536200967321e-01
7.536976327916421470e-01
7.218949455419648720e-01
7.280299896285626904e-01
7.517637449426919360e-01
7.234875499996644699e-01
6.846284132840035896e-01
7.244877132840877865e-01
7.179754759639799255e-01
7.211548689603006768e-01
7.288910420467714646e-01
8.383753618470198843e-01
7.251251588718731211e-01
7.248560717978032031e-01
7.287148995279731922e-01
6.012296306468359885e-01
6.189710744489760330e-01
6.997418509394305319e-01
6.583650002089589393e-01
7.214701793737002822e-01
7.071527757010567239e-01
7.572365321699960905e-01
7.199273080848692663e-01
7.262557874467460151e-01
7.241564429750080301e-01
7.185385978705359777e-01
7.069591587063690508e-01
6.895438698522067256e-01
7.297163428775642613e-01
7.530593905444545877e-01
7.191613187975574029e-01
7.208438783988607712e-01
7.412902647971554293e-01
7.462429702970073686e-01
7.145038107865018251e-01
7.162566621121149169e-01
7.340857346631981528e-01
7.282045185865334558e-01
7.243585584317910886e-01
6.919244029102067373e-01
7.219366322757490018e-01
7.610786400561793119e-01
7.873607197620179354e-01
7.190824556580294180e-01
7.155034951094173534e-01
7.201425329687748400e-01
7.263451926980751816e-01
6.840841713278984493e-01
7.329353074704836324e-01
7.169062768358879234e-01
7.087617120258447034e-01
7.193271661335598477e-01
7.187852349271618424e-01
7.443117056111616670e-01
6.622130355635177379e-01
7.164718569615644572e-01
7.260825115818483333e-01
6.297585405930672398e-01
7.308506788356604611e-01
6.522047566525357443e-01
6.916493227160055435e-01
7.312012316059303130e-01
7.294622725988559875e-01
7.224291741697911329e-01
7.357136656435910860e-01
7.157808424635246913e-01
7.121138343944278803e-01
6.668717155322877455e-01
7.362363403267767614e-01
7.209990269251908002e-01
7.185177186602026422e-01
7.135518432540497447e-01
7.221395011209000847e-01
7.228655563853296773e-01
7.206236360351965242e-01
6.392383456912227313e-01
7.156247919582916506e-01
6.333681640469078777e-01
7.327921310363686436e-01
7.238598243182223779e-01
7.064294994931203941e-01
7.144337604750631288e-01
7.308028145893957772e-01
7.159458541545281607e-01
7.182585567320538544e-01
7.205368917530960982e-01
6.551983006529198406e-01
7.194304722684816689e-01
6.945655956866515490e-01
8.129218651488506753e-01
7.200440806148875605e-01
7.882786367550587148e-01
7.200274992421727971e-01
7.205537694005293980e-01
7.187793494986057796e-01
7.028262330303649552e-01
7.164391212193793601e-01
7.224457906988084321e-01
7.255729343591011959e-01
6.421408228476302993e-01
7.163625651680157747e-01
7.202131230171111564e-01
7.397926838042243602e-01
7.138753006597212680e-01
6.994014563351129699e-01
7.266050198743930766e-01
7.489908598274004348e-01
7.254455572605224001e-01
7.468024161301555219e-01
7.191572660873415401e-01
7.226886814550191884e-01
8.200434988043374673e-01
7.913178204393214177e-01
7.227592289946478399e-01
7.283047273062734916e-01
7.177548790834075154e-01
7.095524035109240790e-01
6.648150005064584755e-01
7.134247622039847636e-01
7.150431947358014684e-01
7.295494169668262918e-01
7.196108711778178568e-01
7.195339376949584365e-01
7.209540307498821798e-01
7.109585945463703371e-01
7.243017564814282494e-01
7.436474310589367143e-01
7.274622371661620956e-01
7.167996208761769905e-01
7.193194597598311368e-01
7.084876471708190238e-01
7.171241192992354740e-01
7.260831713168213186e-01
7.276849445642272762e-01
7.183244542054644244e-01
7.104904214257473649e-01
7.134306409386231840e-01
7.275769592020105980e-01
7.190416079563232143e-01
7.231915471410702567e-01
7.229436926884069692e-01
7.168451435624975110e-01
7.303131216023786010e-01
6.581110033112854696e-01
7.138921782738467670e-01
7.237207406655660202e-01
7.434597148758901319e-01
5.823635117196844790e-01
7.413089278457004605e-01
7.229753196174634189e-01
7.266918032603592037e-01
7.225696003622082975e-01
7.579092554367437007e-01
7.518785989127237945e-01
7.199461048087669734e-01
6.521844650593560111e-01
7.094072387127928758e-01
7.071298674115733540e-01
7.034322578116649627e-01
6.570183891050359604e-01
7.240697089464366298e-01
7.179848759266104219e-01
7.223487967795341191e-01
6.548769862506953476e-01
7.128875190433864306e-01
7.194554857836968909e-01
7.223436256284220258e-01
5.621997745584708106e-01
7.294116129123023873e-01
7.395413666787076234e-01
7.652686587600787682e-01
7.204007437069741560e-01
7.192869581533719581e-01
7.351492271293009750e-01
6.605386673656252761e-01
7.488218108282922447e-01
7.014396542241705390e-01
7.270728690798277105e-01
6.768657661945544080e-01
6.915091867792467761e-01
7.166335631403105699e-01
6.704099095686332221e-01
7.242520816369510950e-01
6.507416741682505723e-01
7.256041548192379009e-01
7.262018681108663998e-01
6.877136872712183990e-01
7.190384603741302172e-01
7.155973631029527438e-01
7.270510666800097388e-01
7.598053872495916794e-01
7.127581628942584180e-01
7.632506699100776171e-01
7.341702041278399538e-01
6.384617749616293692e-01
6.588199759546514711e-01
7.096245059310367642e-01
6.969608441700650969e-01
6.585587608323264508e-01
6.933815458325683911e-01
7.225444292368998767e-01
7.963661845401469597e-01
7.254945632753784235e-01
7.179105395967347869e-01
7.126924334373937464e-01
7.236426893965541840e-01
7.495749419999829799e-01
7.140667890736893675e-01
7.108210895990330069e-01
7.164725095737166649e-01
7.211445887464064119e-01
7.060705959574946622e-01
7.239121662770837684e-01
7.340024517106651381e-01
6.414316931800032595e-01
7.447799027053306764e-01
7.056436663893521644e-01
7.207860941699038015e-01
6.517141937020536346e-01
7.221190832774542212e-01
7.252974683989381610e-01
7.845702489015615733e-01
7.181137626926067385e-01
6.737289680115157164e-01
5.876934851400525961e-01
7.235208852197602125e-01
7.364098313231591808e-01
7.157980467623634713e-01
7.484611433434570360e-01
7.844193417811129443e-01
7.211874380800683548e-01
6.953970313157425975e-01
7.459621646105847326e-01
7.321537977632692762e-01
6.792256076579428203e-01
7.502715681436411543e-01
7.071595087363615750e-01
6.913282608140016716e-01
7.087374161912527448e-01
7.271755779154135402e-01
7.272169189997973460e-01
7.184348417300778777e-01
7.214069496643849000e-01
7.146588287078106116e-01
7.068198443007021048e-01
7.276161965650541630e-01
7.406555099217317917e-01
7.244259313363762276e-01
8.825005236517685647e-01
7.205209290807990108e-01
7.202196442186211689e-01
7.011421772557525633e-01
7.251323602558729098e-01
7.294729901834189345e-01
7.228457957968338343e-01
7.136958406401789912e-01
7.070673601615653503e-01
6.910874853478417013e-01
7.434169795181531093e-01
7.206458327936619002e-01
7.268084985252404318e-01
7.163537991111101899e-01
7.072411085315593038e-01
7.116781415078624606e-01
7.168058447811221923e-01
7.386371624807303027e-01
7.402928522792209254e-01
7.186775458066039235e-01
6.987505089421877091e-01
7.180711114410123219e-01
7.325506754317618885e-01
7.010477469624512015e-01
7.232435966221077983e-01
7.261577020982368236e-01
7.194947216461946571e-01
7.064533730234157094e-01
7.029742700715491122e-01
6.958425553090719085e-01
7.295683103122714286e-01
6.615297083416251667e-01
7.293374944770083523e-01
7.176591909004319536e-01
6.953918090213512260e-01
7.162467290796042940e-01
7.221607337141249250e-01
7.357858981057286973e-01
7.385012529741666887e-01
7.204679076389409742e-01
7.135759863699020489e-01
7.165711589110315138e-01
7.286956127119330606e-01
6.999147384224922996e-01
7.223618337666718459e-01
7.291258852000604973e-01
7.197341911932272351e-01
7.114527460233021072e-01
7.002807500456804668e-01
6.877854980040957189e-01
7.419654274805913552e-01
7.208488631262915947e-01
7.221043956815405007e-01
6.766529604043235446e-01
7.150898587068683643e-01
7.958104096157655460e-01
7.257286542943895968e-01
7.263422620765664917e-01
7.083093459692366700e-01
7.268535503514432783e-01
6.946856246265814550e-01
7.522501325352590751e-01
7.250222137316718607e-01
6.968400038673197017e-01
7.229163592852838605e-01
7.250800164050204000e-01
7.132595998816388949e-01
6.362567374016178112e-01
7.029238800994509484e-01
6.894194384584777513e-01
7.331922374738728543e-01
7.225794976684742910e-01
7.296880607780262817e-01
6.626555345544644648e-01
7.437741392639297677e-01
7.209484847660332374e-01
7.213081311198159540e-01
7.434309093090083476e-01
8.404672351413862152e-01
7.088293307307960145e-01
6.987056276307851421e-01
7.514078303471808384e-01
7.175631426376939404e-01
7.801255699979323666e-01
7.267083715328652715e-01
7.251584779235628053e-01
7.172198248127185094e-01
6.588789476306695647e-01
7.045887970768073272e-01
6.173345224091925099e-01
