7.250000000000000000e+00
1.155000000000000071e+01
1.590000000000000036e+01
2.289999999999999858e+01
2.905000000000000071e+01
3.150000000000000000e+01
3.500000000000000000e+01
3.785000000000000142e+01
3.779999999999999716e+01
4.295000000000000284e+01
4.275000000000000000e+01
5.014999999999999858e+01
5.120000000000000284e+01
5.220000000000000284e+01
5.235000000000000142e+01
4.750000000000000000e+01
5.539999999999999858e+01
5.360000000000000142e+01
5.604999999999999716e+01
5.775000000000000000e+01
