9.444138518477059208e+00
3.261023034601262971e+00
6.955597200370373656e+00
9.174476694592431869e+00
1.605649944055273437e+01
3.491805183422696857e+00
8.824878816580778107e+00
4.471230148395642701e+00
3.875562423546588420e+00
6.963074054483001873e+00
8.598240924939648977e+00
1.568723916305566135e+01
3.272469206857611113e+00
9.439411358221462933e+00
8.589545857714064425e+00
4.443673377858497808e+00
3.264176389106075771e+00
3.254480239691768251e+00
3.258663511311088889e+00
1.119273218449928997e+01
8.596660490277542976e+00
3.262456345674600744e+00
6.975997532219289532e+00
9.446242766898111043e+00
3.264548178842270332e+00
3.494795642337138908e+00
6.938694073883675095e+00
1.665653000000000006e+01
3.266398803863967082e+00
6.981946289646427495e+00
6.954471136155240707e+00
1.440343780125730611e+01
3.259223286600817726e+00
9.448952009866308899e+00
8.599076573583728234e+00
4.451031300001059066e+00
3.278960113220942496e+00
3.563312970619082698e+00
3.469094778486986996e+00
3.285862941698655337e+00
6.957767388317543045e+00
3.259641470175428157e+00
3.259059376534631181e+00
9.434121791284086456e+00
3.263451442204292174e+00
3.473814133472761689e+00
8.593013784625160412e+00
3.256773386802008119e+00
3.256931651222601420e+00
6.970155925496871241e+00
8.603911676561498467e+00
1.191452978841965127e+01
4.439337033515082354e+00
9.439682934214031818e+00
3.259552131656524132e+00
3.261575924003688343e+00
3.269538624623314238e+00
3.246943396021442663e+00
3.269502596157035867e+00
3.269681355295653624e+00
8.598549184817333213e+00
3.257858450798467143e+00
3.281474137782940392e+00
9.441127500085563895e+00
3.322987235089665425e+00
3.493949121969837535e+00
9.434796694699329578e+00
3.255266519522929780e+00
3.256211488744185978e+00
3.266914441458407925e+00
9.444966334135173724e+00
3.596433848682780710e+00
3.310029533303302518e+00
3.255562403870694954e+00
3.262262388973610872e+00
3.275234990738090435e+00
3.270157526462699416e+00
3.250719105013144983e+00
3.284500297928030665e+00
3.258433746048487123e+00
3.255104764071009793e+00
3.253556502915445403e+00
3.605088782887079457e+00
3.261516578863637772e+00
3.271022720384486160e+00
3.243423736670074664e+00
3.260225377256830370e+00
4.490585544271398000e+00
3.257108058749523583e+00
3.250493088244216455e+00
8.588969894431675911e+00
3.258487871997122642e+00
3.258648935017515846e+00
3.249462565940967718e+00
8.596531750036787045e+00
3.265442774160987494e+00
3.258591248635622328e+00
3.261378243136846766e+00
3.255694333878399682e+00
3.260539683861830795e+00
3.741660104156712574e+00
3.254362829020456704e+00
3.253639171521500728e+00
3.229604457599238643e+00
3.617002398240805494e+00
3.265479480593874051e+00
3.259480427508045786e+00
3.255277702889306291e+00
3.259218526594259036e+00
3.258189734558469386e+00
1.665653000000000006e+01
3.245732293375324762e+00
3.253034693468055849e+00
3.303299527039282424e+00
3.255213869438244867e+00
3.259965893227397160e+00
3.254090322295950966e+00
3.703275082083794523e+00
3.491119167421207425e+00
3.254498976834494073e+00
3.257179102314807118e+00
3.282372543208566640e+00
3.258033809158381366e+00
3.262593924905946796e+00
3.256096078711505193e+00
3.261786594993294930e+00
3.251665765690340049e+00
3.255327602093816886e+00
3.244376956241637799e+00
3.257013561064395546e+00
1.665653000000000006e+01
3.260474884769599679e+00
3.229496142147128435e+00
3.490711508884002168e+00
3.260323848366280863e+00
3.260300702302716402e+00
3.258998915239285754e+00
3.260648807112489500e+00
3.480365673272828531e+00
3.250680061632764239e+00
3.261570330867183731e+00
3.255392664388965684e+00
3.257032381727363646e+00
3.265497227534462255e+00
3.256263359886025999e+00
3.261680277282827056e+00
3.293680981505378913e+00
3.254625104150906001e+00
3.248004878518235827e+00
3.256454620799355215e+00
3.259203567955170300e+00
3.279807402045916476e+00
3.261846365802276271e+00
3.487585703149504113e+00
3.255220807909451786e+00
3.248067427157908860e+00
3.250916225996441256e+00
3.263595640513122564e+00
3.544064519413801850e+00
3.542421133130484456e+00
3.253115994618419382e+00
3.251783265925038080e+00
3.256945852127511198e+00
3.254358897987319921e+00
3.257493711792458502e+00
3.254656796930073703e+00
3.256089843587905985e+00
3.815611296199411751e+00
3.745956695113771051e+00
3.261598794895101072e+00
3.260805460272361955e+00
3.250647594134207008e+00
3.243505242660627452e+00
3.489575443302749935e+00
3.280317397717117611e+00
3.310366057787213379e+00
4.490802464598261601e+00
3.260627108259310791e+00
3.489540711032363962e+00
3.606306041095816539e+00
3.252424268324002998e+00
3.252069626416250969e+00
3.251668947423319356e+00
3.273604206499471481e+00
3.245106093710983686e+00
3.252540540680392667e+00
3.276319218958914536e+00
3.786158534044826052e+00
3.267394994561656496e+00
3.258679835374018285e+00
3.260065947844096090e+00
3.436735652426736287e+00
3.244205032255417454e+00
3.256726731942469755e+00
3.275284741338432060e+00
3.259159190323654087e+00
3.239450515059143054e+00
3.268679822704707583e+00
3.266077322097855173e+00
3.249329022797224020e+00
3.261852517506292237e+00
3.249766853115782173e+00
3.246918487188979796e+00
3.267452731514981945e+00
3.271033583287744850e+00
3.518056584808975540e+00
3.258848438128550740e+00
3.754680855320367883e+00
3.236449277297460458e+00
3.253552904654038791e+00
3.613861407466666176e+00
3.263613252110904472e+00
3.226828905442992390e+00
3.256985262331189457e+00
3.266120735149365295e+00
3.256513038218886269e+00
3.254960561103525052e+00
3.265260691572157370e+00
3.601278611247790362e+00
3.254324058220380511e+00
3.253493844371214916e+00
3.259435115925067628e+00
3.260657303194337331e+00
3.257743059883264181e+00
3.258837533918678808e+00
3.258290851881268768e+00
3.299647962311251792e+00
3.493545815587340453e+00
3.255825201399076274e+00
0.000000000000000000e+00
3.261290251601910661e+00
3.262941050799361253e+00
3.270026316497370633e+00
3.262193033502227557e+00
3.261057187249603029e+00
3.541080637926614205e+00
3.255990868920701775e+00
3.252594508727390199e+00
3.265720256935568333e+00
3.262645607398597214e+00
3.242868239501051075e+00
3.259644358954663090e+00
3.252987896164857062e+00
3.254319054897766961e+00
1.665653000000000006e+01
3.251435033013481135e+00
3.250117384102876539e+00
3.486201215263658781e+00
3.263977756330404656e+00
3.257268622957885551e+00
3.258846778388666543e+00
3.267745881843316713e+00
3.233853525127956541e+00
3.259750385289823083e+00
3.263223165063766196e+00
3.245990862564022361e+00
3.260103665007741292e+00
3.257867633685731512e+00
3.266903558561556231e+00
3.257929958915138702e+00
3.242448099956800611e+00
3.244643643526723409e+00
3.260815921229012204e+00
3.253328721505914789e+00
3.286211097979094387e+00
3.272314964328318698e+00
3.252379430546430417e+00
3.469211195557997840e+00
3.261275539037420401e+00
3.250765747561591201e+00
3.257089082308567196e+00
3.257551679273413381e+00
3.258100781987692152e+00
3.259057843717186209e+00
3.262153953893910163e+00
3.254990386573100469e+00
3.263090616068766714e+00
3.252728675481212584e+00
3.269676299764594063e+00
3.247489300918684929e+00
3.259354826943285044e+00
3.254150061772186131e+00
3.248981083101085243e+00
3.252955333113890291e+00
3.292622184681478714e+00
3.255819170365220394e+00
3.254644135648792069e+00
3.500003806466521983e+00
3.264169209586407217e+00
3.252140331841672616e+00
3.257014625012780051e+00
3.290303003477163646e+00
3.222344215084451235e+00
3.472793118831024373e+00
3.245983055591703970e+00
3.256070088287027708e+00
3.261370146248880442e+00
3.273216807493145808e+00
3.261423887142812728e+00
3.254039117524464064e+00
3.234607257206996156e+00
3.466671976541698008e+00
3.247112188686005929e+00
3.263794150221084767e+00
3.271648348377166116e+00
3.643794806437739009e+00
3.250655495833967734e+00
3.522989273120779696e+00
3.256635376780096625e+00
3.257591515803943683e+00
3.257739129381297172e+00
3.638912854742281766e+00
3.716343993135113877e+00
3.473978945506236204e+00
3.260845805619227988e+00
3.274242914038562713e+00
3.264599146775837735e+00
3.258273368690028704e+00
3.268754821536624000e+00
3.256128631431267184e+00
3.247006187011264089e+00
3.247852783967863033e+00
3.252583694860198715e+00
3.258178177793936925e+00
3.263173943651886511e+00
3.588527415812560406e+00
3.266705887923011087e+00
3.560695833677457678e+00
3.257734675477647279e+00
3.246057024211317366e+00
3.270364111169697274e+00
3.262236720504899878e+00
3.276007642017626065e+00
3.255135014631512114e+00
3.235065100954596762e+00
3.274775303577496466e+00
3.252943406231697754e+00
3.259164658585360641e+00
3.256055780171547287e+00
3.259686626559355371e+00
3.255737268712808330e+00
3.344606907734740453e+00
3.265880290867210878e+00
3.254218587983042088e+00
3.254059958357240934e+00
3.567718249089034899e+00
3.266247607319911594e+00
3.582053428555285635e+00
3.262669980190924690e+00
3.248576803953614700e+00
3.252049372765759117e+00
3.266670675636432097e+00
3.256543508728793945e+00
3.258856130292031139e+00
3.254598872893744943e+00
3.268161612546184092e+00
3.259102462231730168e+00
3.252680764511989064e+00
3.264067425570858383e+00
3.255695635619069606e+00
3.256912432742366192e+00
3.259826785471314992e+00
3.254564938143370334e+00
3.279192761266361167e+00
3.269326711987101231e+00
3.581893858163998967e+00
3.277449669709176394e+00
3.597893887698061288e+00
3.261392115280937087e+00
3.257351964258918819e+00
3.258382287505966257e+00
3.258277216888920691e+00
3.255106192523993247e+00
3.260248937619251830e+00
3.225449424601009252e+00
3.266670282390076174e+00
3.271148691897981298e+00
3.258813526146843387e+00
3.263514093038110797e+00
3.255239775249575196e+00
3.270156663695283239e+00
3.256403883365059482e+00
3.264460656128583604e+00
3.256087392851261697e+00
3.259575495526192856e+00
3.555758419853416452e+00
3.280402073335485280e+00
3.611984350557782886e+00
3.251438702636558542e+00
3.255381480207020672e+00
3.258409501994227853e+00
3.236746368441443256e+00
3.263341483879876659e+00
3.255811406688295051e+00
3.253463546933124562e+00
3.281224746644017642e+00
3.262498050765741731e+00
3.259156101848954989e+00
3.265272458741694805e+00
3.250060198998759642e+00
