2.162893939756369122e+00
7.207726764884924142e-01
7.276908431675995770e-01
2.166296721128261105e+00
2.171738984658991178e+00
2.884996000000000116e+00
1.208190186738529848e+00
1.442142108908332832e+00
7.132300249604175413e-01
7.205582656738351854e-01
7.183557583206759967e-01
2.454537020417268511e+00
7.363199744896365972e-01
2.184006628778143000e+00
7.419342528017942584e-01
2.167237360248606137e+00
7.009882602051639156e-01
7.228411962255072432e-01
7.130193297528638618e-01
2.326730993120449398e+00
2.182839720635927794e+00
7.206886128681536663e-01
7.341519157325473444e-01
2.109788516038978212e+00
7.190995279703139564e-01
2.884996000000000116e+00
7.147590993559358452e-01
7.326203510979605316e-01
7.227037059924502627e-01
7.204623932834977040e-01
7.153162363229774723e-01
2.161597459153183465e+00
7.240046525666811172e-01
2.183858491020483683e+00
7.337671417939344298e-01
7.066394278604509749e-01
7.298076276725008471e-01
7.191171866171054416e-01
7.043698136514507935e-01
7.338444717077812207e-01
2.172936628261127101e+00
7.186460663204475852e-01
7.220243901520729812e-01
7.278542922850822494e-01
7.276178988210786347e-01
2.884996000000000116e+00
2.161523515216421387e+00
7.181448263743286375e-01
7.337234512566410682e-01
7.201762051118008046e-01
7.214241649045961546e-01
7.123255621110582414e-01
7.279401524135489243e-01
7.228226610822465759e-01
7.166804287487538172e-01
7.322594703129500227e-01
7.271597373711281564e-01
7.292955335394160077e-01
7.329910055787441925e-01
7.200890476510874993e-01
2.884996000000000116e+00
6.874257372041930880e-01
2.884996000000000116e+00
7.265057283289676482e-01
2.884996000000000116e+00
7.208507429792656573e-01
7.193750758157874126e-01
2.170320477670937720e+00
6.918166144432084108e-01
0.000000000000000000e+00
7.195911685475573361e-01
2.184388814272673951e+00
7.122786512020569116e-01
7.235709198823309096e-01
7.208553539712118097e-01
7.291507298421173733e-01
7.271493746057571261e-01
7.504185057176603335e-01
7.191138833125531038e-01
7.187466482141688928e-01
2.884996000000000116e+00
7.130967141519760633e-01
7.036286913142701938e-01
7.277172210482986126e-01
7.238599294752561253e-01
6.703996741325928266e-01
7.271152568901059210e-01
7.193093429332724220e-01
7.185452546971640153e-01
7.321549801650125699e-01
7.168780839158626073e-01
7.263258874529455733e-01
7.187645369957369468e-01
0.000000000000000000e+00
7.218485801242233713e-01
7.129721607096625169e-01
7.299210421848258967e-01
7.243876597852708654e-01
2.884996000000000116e+00
7.156985926876742177e-01
2.884996000000000116e+00
7.179442648212898126e-01
7.194012554875732768e-01
7.196444564023335433e-01
6.698614895395448299e-01
6.784976117143262098e-01
7.186290393982883717e-01
7.227168018954943651e-01
2.884996000000000116e+00
7.271221065377274639e-01
7.237732518070516541e-01
7.195623385422778018e-01
7.263143410207080208e-01
0.000000000000000000e+00
7.717620967109553032e-01
7.192267381598681508e-01
7.092337578812981658e-01
7.844305715035930771e-01
2.884996000000000116e+00
2.884996000000000116e+00
2.884996000000000116e+00
7.053585175747889568e-01
7.242693066615408792e-01
7.014234606589045962e-01
7.027372981122530504e-01
7.222049729524689932e-01
7.390740593763679422e-01
2.884996000000000116e+00
7.126736494842103031e-01
7.212962631869999086e-01
7.184640214652999735e-01
7.230601565574066303e-01
7.253924155851692035e-01
7.261245026528637680e-01
7.176347442043482516e-01
7.168888732004987663e-01
7.060931805115561177e-01
7.262032885354354761e-01
2.884996000000000116e+00
6.882101641046868279e-01
0.000000000000000000e+00
7.178175825654414810e-01
7.453307049038517818e-01
7.224693402339813497e-01
7.127031150034539575e-01
7.256376398291530805e-01
7.090035806324513912e-01
2.884996000000000116e+00
7.238888346915085537e-01
7.225265351603865627e-01
7.248230682376486378e-01
2.884996000000000116e+00
7.311393774860833750e-01
7.212205227028565258e-01
7.455031415772868097e-01
2.884996000000000116e+00
7.580253805199987926e-01
7.133615983497134660e-01
2.884996000000000116e+00
7.195057158816116072e-01
7.228310009560166005e-01
7.106217475912961490e-01
7.004233997041110493e-01
7.109044941425903819e-01
7.124756120648918500e-01
7.165810415666316047e-01
7.385301648112674311e-01
2.884996000000000116e+00
7.193103524299818696e-01
7.221242289290155103e-01
7.178487134427492533e-01
7.438046746788506969e-01
6.799234731219523376e-01
7.109656664930625869e-01
7.319357009023985672e-01
7.134574233126588227e-01
7.333913937966365371e-01
7.237460802588699949e-01
7.136567502090624959e-01
7.157999889746816669e-01
7.247066854103622058e-01
7.104060367412600163e-01
7.110176189702654970e-01
7.221585896293112317e-01
7.145512221243598416e-01
2.884996000000000116e+00
7.164354174578235757e-01
2.884996000000000116e+00
7.199925362776565807e-01
7.152636285486534407e-01
7.206195205215761845e-01
6.927494777169300733e-01
7.207591174415646229e-01
7.462086118558461934e-01
7.206552152733000094e-01
7.221826192368266950e-01
7.210719394639514279e-01
7.193868595292086665e-01
7.162876553945085600e-01
7.293250787663292378e-01
7.190058888810527682e-01
7.195917015155848251e-01
7.191875674044219124e-01
7.192252152795991504e-01
7.186297411235095245e-01
2.884996000000000116e+00
7.236861398759812936e-01
2.884996000000000116e+00
7.175171424179872526e-01
7.241350425145504088e-01
7.154456228750556424e-01
7.159706509515005868e-01
7.203657885095886559e-01
0.000000000000000000e+00
6.826010632682630863e-01
7.118386721233785908e-01
7.346798869420323452e-01
7.084419819660455753e-01
7.182888892789838220e-01
7.219700190068669698e-01
7.082105142517954866e-01
7.210395775955131814e-01
6.790994486732478963e-01
7.226035342033869657e-01
7.207969941293634886e-01
7.197424994886152394e-01
7.283312969973880779e-01
2.884996000000000116e+00
7.115631833106076387e-01
7.266009618097735157e-01
7.202270183440296902e-01
2.884996000000000116e+00
6.984112855438773249e-01
0.000000000000000000e+00
7.176092620930600852e-01
6.451391335527173476e-01
7.148829746164967469e-01
7.164944916653244178e-01
7.056654517701083096e-01
6.886349065431575101e-01
7.199512987337814973e-01
7.011548911028967490e-01
7.211954129931863466e-01
7.365492902789170238e-01
7.225847628954078505e-01
2.884996000000000116e+00
7.076980060642701353e-01
2.884996000000000116e+00
7.118489215472549869e-01
7.279305060092838842e-01
7.137870377214194928e-01
7.167909155696171597e-01
7.205401693257049711e-01
7.188652483859926390e-01
7.071719575333594854e-01
6.478899856536612933e-01
7.372751255193343844e-01
6.945955612875930330e-01
6.881284399073209768e-01
6.945709263221340191e-01
6.471034950064677993e-01
6.472673268245746625e-01
7.008780768349973656e-01
7.218768356030318412e-01
7.102105837696440771e-01
2.884996000000000116e+00
7.134310320982657494e-01
2.884996000000000116e+00
6.732625651855738136e-01
7.245986996237172573e-01
7.168779345040550144e-01
6.980695108940075944e-01
7.313800926142226544e-01
7.244485569153833460e-01
7.188613520785267497e-01
6.952863004843325978e-01
7.106347538803315933e-01
7.154449851436994745e-01
7.005090348473717032e-01
7.182864361643299667e-01
6.911316473497350898e-01
7.019034760185859367e-01
7.209560499260747601e-01
7.277288908640362486e-01
7.287216066401668302e-01
2.884996000000000116e+00
7.148271558029651862e-01
2.884996000000000116e+00
6.891791371761653018e-01
7.253833131418128133e-01
7.225940810203291820e-01
7.295020923699488957e-01
6.931631807879021778e-01
7.256809168461223480e-01
7.117621683666800481e-01
6.889496336919853636e-01
7.492888637548730246e-01
7.078641216157450788e-01
6.991923003918999457e-01
7.036029799982549404e-01
6.733336839248509342e-01
7.053440904554604263e-01
7.169767237147993688e-01
7.243145577227045884e-01
7.192718375273259301e-01
2.884996000000000116e+00
7.215263829883087343e-01
2.884996000000000116e+00
7.208166700833986695e-01
7.309500582812015201e-01
7.645410801648016008e-01
6.980687953468771578e-01
6.970562692283566175e-01
7.298262608891776804e-01
6.928871905928613018e-01
7.210135426102639578e-01
7.161415787174576497e-01
7.652049734276463733e-01
6.995995468392371963e-01
7.194803849976025845e-01
7.188389950898765868e-01
7.215055969359059906e-01
7.206644372092532169e-01
7.202899667196163147e-01
7.266328278572969923e-01
2.884996000000000116e+00
7.208546173526884093e-01
2.884996000000000116e+00
6.763922546834701954e-01
7.281244094994990812e-01
7.206372882424114668e-01
7.081495477073280753e-01
6.983575702263485896e-01
6.865080559876212130e-01
6.798234288975103512e-01
7.289550415449814746e-01
7.088817139769857389e-01
7.693220723284883711e-01
7.113428550411944329e-01
7.200302612023606885e-01
6.797994771995433672e-01
7.192214386676404336e-01
7.325794300424677274e-01
7.202145111735626104e-01
7.200728419724302665e-01
2.884996000000000116e+00
7.244014892708153797e-01
2.884996000000000116e+00
7.116658027763446137e-01
7.244907566691862755e-01
7.251297579294806450e-01
7.088068688393964756e-01
6.995920716306748277e-01
7.247097236386940144e-01
6.831761963908041801e-01
7.204074037126719787e-01
7.084446765378188404e-01
7.716932791810653391e-01
7.077076765807728265e-01
7.216718385729355978e-01
7.144143144785939370e-01
7.209327650100886276e-01
7.236075279282040418e-01
7.270443819479044389e-01
7.199203323432126211e-01
2.884996000000000116e+00
7.185244425730259454e-01
2.884996000000000116e+00
7.049700793440100144e-01
7.274873713928990959e-01
8.519031574341989765e-01
7.115315948196796469e-01
7.087874267078023705e-01
7.194226174946809493e-01
6.803016634823221276e-01
7.485241496616831247e-01
7.053103705097201193e-01
7.217286466371750642e-01
7.211717373753212534e-01
7.238671016253328538e-01
7.169813326072077553e-01
7.215292931168174606e-01
7.373827955779637122e-01
7.239897475229734036e-01
7.237551613696221464e-01
2.884996000000000116e+00
7.199500310591961938e-01
2.884996000000000116e+00
7.091671897646649736e-01
7.248964233552775971e-01
0.000000000000000000e+00
7.164398788274569663e-01
6.966782294257680697e-01
7.397437848582837372e-01
7.197538512009741263e-01
7.180138939377691543e-01
7.101025028350113066e-01
7.159579552817300074e-01
7.228555183866895995e-01
7.208893914014050663e-01
