5.915510288843988107e-01
2.023645658234531908e-01
5.887739972159398150e-01
5.915681278109827801e-01
5.928295212073075859e-01
5.207579622474476366e-01
6.939606588448148372e-01
5.930450879735893466e-01
2.023133360591478080e-01
5.887477820743507451e-01
5.934114934495031690e-01
7.462353132205112871e-01
2.023132750965492832e-01
5.945583239729783642e-01
5.932131987921476224e-01
2.058590051800788245e-01
2.023025907475330953e-01
2.023444470874968815e-01
6.076284655995634054e-01
6.200692030178505121e-01
5.916115538842543486e-01
2.023616803930794461e-01
2.022922619051614745e-01
5.916238714002162169e-01
2.023134147737364330e-01
5.208725554253801349e-01
5.916665372762226482e-01
2.024316825552192611e-01
2.023958309031046454e-01
2.023712248170488337e-01
5.929463085484565354e-01
5.928488821035111656e-01
2.028232852496509864e-01
5.928292083425255043e-01
5.888298012052777253e-01
2.029072113915759701e-01
2.022958354118298274e-01
2.022907869579446682e-01
2.022941386267502750e-01
2.044432599282810514e-01
5.308060359175525988e-01
2.023046367248282351e-01
2.022919229893407334e-01
2.024304579529587755e-01
2.022911847317976353e-01
2.023118852546614832e-01
2.029296754343059561e-01
2.023256086114484376e-01
2.023713456173359404e-01
2.024266401451244590e-01
2.025250027464862157e-01
5.212104198978044778e-01
2.022903328296168368e-01
6.030510057393918544e-01
2.026729917256480107e-01
2.026013581179535450e-01
2.023655666898465100e-01
2.058408100360731297e-01
2.089786871831913473e-01
2.023135366507124999e-01
2.023702247551026900e-01
2.023755707267778092e-01
2.026948271746205066e-01
2.023482516478507520e-01
2.070622629759872879e-01
5.209105875147752585e-01
2.024639440778637223e-01
2.029477735500471169e-01
2.023113803818867851e-01
2.023503091134637444e-01
2.023402342518467734e-01
2.025457902795322340e-01
2.027333148564620657e-01
2.022977405269559270e-01
2.022961339391526892e-01
2.022911528072190990e-01
2.023043280045353498e-01
2.023127927140659921e-01
2.023127019778145907e-01
2.023026528558213855e-01
2.023191530156269735e-01
2.022911912497269427e-01
2.022926678173257997e-01
2.022939063229856060e-01
2.023031980389573548e-01
2.023233189435558188e-01
2.023127456068776198e-01
2.023072230678861771e-01
2.023542892391221315e-01
2.023013391720418497e-01
2.024000078306675832e-01
2.023658669005605759e-01
2.023648268378464010e-01
2.023442045189343119e-01
2.022947936815855385e-01
2.023047896690783887e-01
2.029048048974262386e-01
2.023087616800287591e-01
2.022924574936544317e-01
2.023065065962379450e-01
2.023025952893799939e-01
2.023042534123584701e-01
2.023023037138864666e-01
2.023064400683738384e-01
2.022961116456789554e-01
2.023133160137788877e-01
2.022926670573594876e-01
2.022910627747060985e-01
2.028128804979161259e-01
2.023967243376878500e-01
2.022904179818150183e-01
2.023157354979296940e-01
2.026325842524459020e-01
5.208574530471237196e-01
2.026843908283151308e-01
2.022918934437205607e-01
2.025194623568244978e-01
2.023524812347057278e-01
2.022923002646921375e-01
2.023289813772359835e-01
2.023461681126592637e-01
2.023726737537039355e-01
2.022964864656371375e-01
2.027413566658955446e-01
2.022917095864578130e-01
2.059040619640830627e-01
2.024481057464981859e-01
2.023866271263345951e-01
2.023535238338300957e-01
2.027675464472613598e-01
2.024974612263195084e-01
2.022944718397923225e-01
2.033777217844088270e-01
2.023097210296613824e-01
2.023755268183577982e-01
2.023464343012717492e-01
2.023694134971121272e-01
2.023692988926049097e-01
2.023016752177397848e-01
2.023529253080562640e-01
2.023183451769581254e-01
2.026065320548102733e-01
2.025781239304906833e-01
2.023478048933506912e-01
2.023719257374017033e-01
2.026853368910108699e-01
2.026023909791776489e-01
2.023382643635773803e-01
2.024870669779650356e-01
2.024334878979781038e-01
2.022984757709371806e-01
2.039203326690213203e-01
2.026337785765948141e-01
2.024404385895977043e-01
2.023554969416423432e-01
2.023264690548716160e-01
2.023879726664370438e-01
2.022962776355035075e-01
2.023978379819322271e-01
2.023147494932517887e-01
2.024680819865354309e-01
2.026296615265481549e-01
2.023128749030904672e-01
2.022969979563269405e-01
2.023017990056974469e-01
2.024056544270251834e-01
2.031287521531135454e-01
2.023532257250506561e-01
2.074076407030975844e-01
2.023256434232107992e-01
2.023172006765792119e-01
2.024069031609867508e-01
2.022957177698190279e-01
2.025918074326975571e-01
2.023793914830287477e-01
2.023570480407110850e-01
2.024320783580106919e-01
2.030832252383456549e-01
2.028302140810893661e-01
2.023366016174890092e-01
2.024389787901723636e-01
2.147119617171036055e-01
2.022976364622932621e-01
2.022939174944058394e-01
2.029803296078762642e-01
2.023330308239570385e-01
2.024491839883930666e-01
2.025927681417574178e-01
2.023125358847943644e-01
2.023289012418105770e-01
2.023386576992116659e-01
2.022965304069890280e-01
2.024598495917464547e-01
2.024666949518696413e-01
2.022988759068899967e-01
2.032425985328334406e-01
2.023709644356213033e-01
2.023779139353640844e-01
2.033342730713858515e-01
2.024353844909958511e-01
2.023229843525449212e-01
2.023856522928628721e-01
2.023027016684864066e-01
2.023280928644544119e-01
2.026095356271992998e-01
2.033055603563838076e-01
2.024689589481978302e-01
2.027689811661081976e-01
2.026052147549810556e-01
2.022915001823166747e-01
2.023491238261057035e-01
2.023552463307751736e-01
2.023153448816872313e-01
2.031415158058207382e-01
2.026943662022153703e-01
2.023075494929313933e-01
2.027353276871410870e-01
2.023871196353281832e-01
2.025795748339369595e-01
2.026405382715967818e-01
2.024581057198577838e-01
2.023077771746253362e-01
2.023124382865288950e-01
2.026922530647263798e-01
2.028468835591974440e-01
2.023003271339645082e-01
2.024164345739221105e-01
2.022995691703544097e-01
2.023098201968691612e-01
2.022932458841308900e-01
2.023254294580398849e-01
2.024446573830438467e-01
2.023139315044621966e-01
2.026922475206225371e-01
2.024573516141510154e-01
2.038297753186588679e-01
2.023581988446254698e-01
2.023129830784062833e-01
2.023359442008763054e-01
2.022984934816456359e-01
2.025128107911688957e-01
2.026878725938763282e-01
2.025644896019889174e-01
2.023340082596689626e-01
2.027000308029069942e-01
2.023523523306289817e-01
2.026829185869205574e-01
2.027912718684392601e-01
2.023387279623376500e-01
2.023175395321326064e-01
2.023552081817179271e-01
2.022950336771893731e-01
2.023258601920474575e-01
2.024010674380312125e-01
2.025232670036318794e-01
2.023650156472225348e-01
2.022996560323333526e-01
2.023573098568087758e-01
2.025267967012043258e-01
2.023855864446071351e-01
2.022903948435992305e-01
2.022906916391198351e-01
2.023144475047704560e-01
2.023468883986954125e-01
2.023545819422603032e-01
2.023461324686719465e-01
2.023158328714611542e-01
2.028053288754643191e-01
2.023616724976031733e-01
2.024479688703486602e-01
2.025199538522599596e-01
2.023090274375585196e-01
2.022945219704235242e-01
2.023144146098241336e-01
2.024047102163173406e-01
2.027487033437180841e-01
2.023077134991639880e-01
2.034694854733727354e-01
2.029347547262272400e-01
2.026514577474536338e-01
2.023272519842249650e-01
2.022950495183222230e-01
2.023073034474327514e-01
2.022954980562809979e-01
2.024176128612777958e-01
2.025422777939160923e-01
2.022993524395877429e-01
2.027693972672439671e-01
2.599963470228878748e-01
2.023104740080201580e-01
2.022959580426135773e-01
2.023363090841696632e-01
2.024459913681173617e-01
2.023252164498599015e-01
2.026967468424372143e-01
2.031197403121742795e-01
2.027952218526545280e-01
2.022986332974001655e-01
2.028965467790744270e-01
2.025994872463527940e-01
2.025359052764317269e-01
2.024889096514979059e-01
2.040581119967947998e-01
2.024952165724878128e-01
2.023018011699813101e-01
2.025013810351188326e-01
2.023097694490960663e-01
2.023062748180972648e-01
2.022918737778391929e-01
2.023815636176120591e-01
2.026050767519800289e-01
2.067037555758135525e-01
2.024046205894292072e-01
2.022979558569328873e-01
2.024452227555961770e-01
2.031836561091369120e-01
2.022945799423654378e-01
2.023201554289508763e-01
2.027490605620325681e-01
2.032281009620788836e-01
2.024588468198222913e-01
2.022955634418739379e-01
2.023015321108605491e-01
2.023518460480966397e-01
2.026655442410643104e-01
2.024330612066771451e-01
2.023050832128356902e-01
2.025764590936649512e-01
2.024647537684973742e-01
2.023276500887094542e-01
2.023120034886511931e-01
2.023128938988421055e-01
2.024423773327166387e-01
2.023849540934916647e-01
2.026050522427480516e-01
2.022944157776933594e-01
2.022967997337792312e-01
2.023757233355096830e-01
2.028624340961631134e-01
2.023374689183361497e-01
2.023705870502690018e-01
2.023097421332265000e-01
2.022934374699927318e-01
2.023514500642864533e-01
2.023024360205560868e-01
2.023275258595278459e-01
2.023391191694683400e-01
2.023238812741059434e-01
2.022909001076245161e-01
2.025029582717685628e-01
2.023638440821082796e-01
2.024935718832425735e-01
2.023759473344872717e-01
2.039831086904486668e-01
2.026072604107733710e-01
2.023184877579202734e-01
2.023252518973803760e-01
2.024872308128049525e-01
2.028915009406100367e-01
2.022944565268556261e-01
2.023226321267586059e-01
2.023009873581846918e-01
2.024201922486481564e-01
2.023217073110279429e-01
2.023033132607565676e-01
2.027744459463587390e-01
2.023720974674132478e-01
2.023019496606384138e-01
2.023096335835257165e-01
2.023912599711401583e-01
2.023361459640033999e-01
2.031804183009686682e-01
2.023315881877580935e-01
2.023979902677588427e-01
2.023376473231959238e-01
2.023583665536738962e-01
2.023665353293848668e-01
2.023286461059532471e-01
2.027887188093346893e-01
2.023059963788709226e-01
2.023044615539832947e-01
2.022935389474627144e-01
2.023226522407295391e-01
2.027904525218264808e-01
2.022986260722152707e-01
2.022958476394967064e-01
2.028718739911283819e-01
2.023102975033532758e-01
2.023250745303712961e-01
2.025988832616052449e-01
2.025590945088824313e-01
2.022917173784319900e-01
2.023000253081930211e-01
2.026489579286030462e-01
2.039659213957385475e-01
2.023257179875042056e-01
2.023929466974818681e-01
2.023545367846111276e-01
2.030283851292988828e-01
2.029476334327995346e-01
