8.199999999999999289e+00
1.359999999999999964e+01
2.285000000000000142e+01
2.875000000000000000e+01
3.675000000000000000e+01
3.835000000000000142e+01
4.995000000000000284e+01
4.420000000000000284e+01
5.679999999999999716e+01
5.270000000000000284e+01
5.360000000000000142e+01
5.510000000000000142e+01
5.504999999999999716e+01
5.350000000000000000e+01
5.235000000000000142e+01
5.904999999999999716e+01
6.079999999999999716e+01
5.810000000000000142e+01
6.504999999999999716e+01
5.979999999999999716e+01
