5.915559317812943974e-01
2.022944895683407296e-01
5.888156485987492417e-01
5.915571758561872784e-01
5.928873080152747832e-01
5.207553958621806700e-01
6.939480783310889578e-01
7.441579053089997231e-01
2.024297617637653701e-01
5.887245681199884118e-01
5.932227536974616910e-01
7.461326533169847508e-01
2.038483649165012679e-01
5.920493406874989262e-01
5.935482112951282474e-01
5.308302649310805421e-01
2.032937753776371537e-01
2.023134508876598403e-01
2.026105127393522665e-01
6.200151413394321409e-01
5.928141212517052949e-01
2.022922188632207963e-01
2.025148747177585307e-01
5.940323397283817641e-01
2.022996168437378728e-01
5.207547592919832269e-01
5.887813991219639220e-01
2.024633822098147462e-01
2.022943141903672526e-01
5.887253342402960499e-01
5.887567757943266145e-01
5.929115253378824946e-01
2.023048015890855922e-01
5.925562525774461520e-01
5.933533762115015264e-01
2.025834468113005826e-01
2.024384989032448345e-01
2.023329496026056162e-01
2.026755322258537717e-01
2.026096410535744852e-01
5.916232271711150403e-01
2.023018041227055974e-01
2.023236026696126899e-01
2.024064053705147970e-01
2.023505908438201217e-01
5.218964464654582969e-01
5.916676437897372409e-01
2.023872469058503043e-01
2.025209025684793218e-01
2.023318975072694315e-01
6.391165327380488037e-01
2.023966253443942875e-01
2.042369653498790072e-01
2.023188516762024491e-01
2.024344011996408454e-01
2.027809489894272232e-01
2.027095025298999431e-01
2.024952068577219322e-01
2.025436565123204247e-01
2.023371306999948160e-01
5.207788360047649334e-01
2.040597158600201411e-01
5.226603369068492100e-01
2.025237209191361742e-01
5.209877477118949329e-01
2.022985014910201329e-01
2.022948300924394260e-01
5.350288031280978629e-01
2.034600281230511953e-01
5.209026788153918730e-01
2.022961280952131347e-01
6.143147998056592840e-01
2.024257814115379972e-01
2.023087021705141098e-01
2.022942876415614322e-01
2.028453426686818162e-01
2.024593317353584609e-01
2.036061791258019227e-01
2.022965308321236222e-01
2.024824560584175259e-01
5.208957231627948659e-01
2.024275183915564824e-01
2.027170307798948912e-01
2.023839969129888061e-01
2.023010984334172591e-01
2.068524038698447143e-01
2.023750710983049927e-01
2.023077133016846219e-01
2.023033681170076648e-01
2.024921175897320680e-01
2.023256151535992586e-01
2.023617650602256290e-01
2.023027205201755052e-01
5.207548289604861935e-01
2.022911960592566061e-01
2.024013829279116550e-01
2.025384629905255807e-01
2.023037404357639346e-01
5.207609237635351107e-01
2.028272425133836876e-01
5.213438891796791097e-01
2.023167304893105367e-01
2.023199737524175035e-01
2.023086334049883916e-01
2.059490145076088297e-01
2.055220336531453640e-01
2.022994722990771876e-01
2.023508720982887255e-01
5.246286386853018513e-01
2.023370831129556180e-01
2.022997327246720545e-01
2.022946539005125999e-01
2.023912725893248776e-01
5.207557608367201496e-01
2.118318759845179144e-01
2.027525724628951309e-01
2.024845950431251040e-01
2.080431349049129963e-01
5.207554459669019309e-01
5.224480766224006700e-01
5.228550056138399071e-01
2.028272805708235538e-01
2.023130745400125718e-01
2.031117327297797814e-01
2.027591225523543983e-01
2.022959270047488545e-01
2.027150405390232280e-01
5.417453203943347617e-01
2.027386098570929107e-01
2.023887763164635700e-01
2.023025972889955781e-01
2.023007477608205207e-01
2.024026053553589222e-01
2.023345920986701074e-01
2.023100344553014907e-01
2.024673273446522259e-01
2.029771075675945724e-01
2.024784944153514843e-01
5.209577742375826048e-01
2.038062703604666126e-01
5.207927632025812770e-01
2.023201146757562796e-01
2.045668807079250584e-01
2.027847356277119317e-01
2.026428906857287160e-01
2.024614020193817865e-01
2.025230292124540199e-01
5.207670925979082099e-01
2.025392460671850969e-01
2.022949491204935057e-01
2.024684080792118479e-01
5.292612623593884180e-01
2.063132600857064958e-01
2.022974982049685622e-01
2.031253641346646432e-01
5.220672742953142986e-01
2.041752714928959378e-01
2.024795796916416535e-01
5.207784983685117552e-01
2.023119122448724383e-01
2.022945753349016940e-01
2.025504253177157210e-01
2.032716682617330406e-01
2.031057378473484221e-01
2.023933831849706877e-01
2.025035459126689474e-01
2.033536313579071830e-01
5.208593398184460099e-01
2.023110201196258728e-01
2.022915173199333339e-01
2.028328185475194445e-01
2.029710806866162898e-01
2.052091517901679651e-01
2.026092605079661269e-01
2.026021636329833342e-01
2.023841257642642333e-01
2.033280681369875609e-01
2.023182761705841770e-01
2.023690333770904459e-01
2.023626939966778338e-01
2.023107038102169852e-01
2.025088960429419771e-01
2.038980161517818246e-01
2.022970963703896174e-01
2.023552555377809981e-01
5.363962635043240113e-01
2.024729137419400971e-01
5.207563462687083700e-01
2.022929030802780304e-01
2.025300700011252175e-01
2.022908725657357465e-01
5.353609444075591028e-01
2.022905608500380481e-01
2.051992627166319139e-01
2.023429803721823461e-01
2.022955487890731874e-01
2.023133237385756900e-01
2.023221659111973381e-01
2.025209177761642110e-01
2.024586671280870220e-01
2.023592997649208414e-01
2.022944029960473955e-01
2.023053826393548249e-01
2.023440119425545802e-01
2.024877705262788652e-01
5.343941031017287457e-01
2.024209948801898307e-01
5.215537090660280484e-01
2.023088881218351176e-01
2.024007853739897556e-01
2.034043440420694182e-01
2.023715837605193357e-01
2.022921109810056350e-01
5.207797025842726413e-01
2.043145057872610693e-01
2.056398325002692928e-01
2.030859179193766906e-01
2.025109461513681097e-01
2.023297795782434960e-01
2.024363439363403572e-01
2.025461567678457087e-01
2.023149385962552671e-01
2.046556320025167963e-01
2.023589279436963650e-01
2.024193391359352390e-01
2.023520829617648786e-01
2.023876767847108127e-01
5.236789407376765126e-01
2.025144038086956755e-01
2.026154333254597262e-01
2.023234568847387393e-01
5.244146266164086967e-01
2.043239719981011504e-01
5.208684556338516458e-01
2.023168710758556088e-01
2.099803448992636490e-01
2.023692179753018294e-01
2.023755130963218463e-01
2.030353004283274032e-01
2.042502602042182147e-01
2.023037061875916365e-01
2.029470714563972322e-01
2.022999190308150119e-01
2.038035380107912076e-01
2.023677838537496498e-01
5.242316972821976506e-01
2.025367546342629055e-01
5.251285761275932273e-01
2.025952013308387478e-01
2.025518283583638279e-01
2.043387613236831157e-01
2.023196203274864047e-01
2.028179128995653002e-01
2.023106912499814669e-01
2.038319336385425729e-01
2.094283819302251715e-01
2.036472168496379354e-01
2.035049161643014415e-01
2.037578394604384613e-01
2.032820985876737652e-01
2.154874000732958095e-01
2.217390570488166901e-01
2.032371893447049160e-01
2.023886636790761528e-01
2.028302019693333236e-01
5.288352262098880985e-01
2.024807957610121889e-01
5.266501897523321318e-01
2.099026403976118615e-01
2.023462696839803954e-01
2.023270948354616294e-01
2.032328969737831059e-01
2.025771801297500119e-01
2.036867856658401976e-01
2.023239480742393681e-01
2.041466983187545381e-01
2.024507436765228263e-01
2.023353442443482919e-01
2.028701055076229665e-01
2.023505828505571813e-01
2.037000866085305617e-01
2.029120425988315546e-01
2.023623118409396682e-01
2.024998496232779388e-01
2.023652074029529402e-01
5.256084120570863050e-01
2.024004293814929412e-01
5.294099694581992921e-01
2.041406559976524093e-01
2.024008375227177581e-01
2.023039602246763380e-01
2.032383869909821783e-01
2.041315210287688586e-01
2.030434856354785822e-01
2.032753919921441721e-01
2.038434975106726554e-01
2.051241638627709918e-01
2.025432623203471394e-01
2.029442171616011592e-01
2.027890623984367480e-01
2.059662382120199808e-01
2.027153957133975837e-01
2.023146173397991632e-01
2.025004664825358347e-01
2.026399233319411408e-01
5.230153211333012919e-01
2.025027658723024260e-01
5.295236608337186013e-01
2.023311143183663674e-01
2.024624578693403620e-01
2.052239576982888281e-01
2.030818692209592768e-01
2.032816030177162503e-01
2.024799645240191737e-01
2.037932922144358727e-01
2.023208655137702650e-01
2.026663036261657780e-01
2.062930869945942547e-01
2.029836205450727959e-01
2.023023392100631312e-01
2.023200803711926454e-01
2.022922097337884750e-01
2.026212372718285692e-01
2.022957441483290708e-01
2.023306530501214340e-01
5.210151026447862321e-01
2.025693550509943819e-01
5.307338449896628063e-01
2.082128187493141880e-01
2.023893789454005443e-01
2.022916680798036992e-01
2.036422180411951999e-01
2.032467241897242261e-01
2.038998797814359776e-01
2.049692888324718965e-01
2.025181572949277253e-01
2.024947695575098905e-01
2.064546275618948101e-01
2.024234240363620430e-01
2.023188673367695145e-01
2.056978790921712985e-01
2.022992436078077105e-01
2.024934281727421848e-01
2.023280548699633030e-01
2.022919774257712078e-01
5.207706418310014129e-01
2.048446535143941816e-01
5.319065348976712571e-01
2.025127430007804819e-01
2.023042016777099050e-01
2.023590560603425459e-01
2.030371780416091454e-01
2.032529153783544373e-01
2.023235894975785598e-01
2.046764135922680694e-01
2.023050904436916042e-01
2.025345696828919628e-01
2.066819759666920220e-01
2.028869840417160120e-01
2.023094922860506628e-01
2.027900606056514121e-01
2.022907557771675968e-01
2.025158567152933742e-01
2.024934691741053783e-01
2.022940602152027978e-01
5.211832898698514072e-01
2.033827758842301492e-01
5.327186763796030178e-01
2.028010753946754008e-01
2.023438757555089396e-01
2.539130777723110910e-01
2.024238124122055282e-01
2.025266305527955168e-01
2.022977527765394967e-01
2.049634426289115297e-01
2.039174010950564053e-01
2.030592499250696292e-01
2.023680667796954324e-01
2.023756248475434560e-01
2.022993324233848256e-01
2.030399870375552140e-01
2.022995950772150664e-01
2.026415146599367390e-01
2.024016601623896960e-01
2.022986328738296535e-01
5.218380593852609550e-01
2.022924993051420373e-01
5.335482623465930274e-01
2.026198980373772329e-01
2.024202643712298411e-01
5.585607686109135273e-01
2.023731292688735195e-01
2.031336204972289394e-01
2.041719692725356694e-01
2.036781574313417664e-01
2.029922523813256774e-01
2.024800610773898057e-01
2.023349978956909823e-01
2.028325286324701437e-01
2.022939878509149025e-01
