9.439463605280227654e+00
3.260824980518981508e+00
6.955670353848967480e+00
9.440616126324417934e+00
1.605609209504259027e+01
3.490956951506767769e+00
8.824848184201615098e+00
4.471213660182525196e+00
3.265567309533088824e+00
6.965259898925233450e+00
8.601324211923328633e+00
1.568723805005050842e+01
3.291075705545410734e+00
9.426384122884561734e+00
8.601329772536342233e+00
4.423181335769728051e+00
3.277920897776501530e+00
3.262983280365480354e+00
3.246042812051991966e+00
1.119274692321674003e+01
9.406299224719345986e+00
3.257929466356773940e+00
3.260507730132883975e+00
9.453931692640408002e+00
3.260657801311481752e+00
3.492295568043429110e+00
6.958770324463520396e+00
3.259729067815049675e+00
3.258042718750105315e+00
6.965668018958492524e+00
6.966998284428420618e+00
1.607005628917510265e+01
3.257209328916030433e+00
9.471685910286836929e+00
8.593536509582611060e+00
3.256760265353876083e+00
3.265376722693626999e+00
3.264396248898011610e+00
3.257403963713012107e+00
3.268353765003341849e+00
9.444494349132597222e+00
3.257651361555729874e+00
3.264086799920718818e+00
3.265803701830011452e+00
3.256915050923427923e+00
3.535741725370453281e+00
9.429833958296741869e+00
3.267166713512502874e+00
3.255034569127125188e+00
3.264642071364344922e+00
1.665653000000000006e+01
3.259324075685012811e+00
3.298581702592533471e+00
3.254672634450034518e+00
3.249736523668024901e+00
3.274632362593023149e+00
3.275674882807324995e+00
3.249688490176649402e+00
3.251954308142533723e+00
3.264979365079181406e+00
3.486107850510526518e+00
3.273084569246271336e+00
3.550242769402083276e+00
3.246977259499742807e+00
3.510961657953302950e+00
3.261565061211665562e+00
3.258981236492963340e+00
4.367085240132277946e+00
3.256527803976937641e+00
3.477713661056364813e+00
3.257728963744397355e+00
1.089028362014801665e+01
3.263786806181705469e+00
3.256124030353617194e+00
3.260801719575828983e+00
3.240495103124910070e+00
3.249501821334759732e+00
3.248164410677896630e+00
3.259549527247215917e+00
3.247351361699991834e+00
3.506637894736841954e+00
3.253060925563627581e+00
3.256291736473698961e+00
3.264513989968778063e+00
3.260258110199071080e+00
3.291338593183897654e+00
3.264579074701544403e+00
3.262172279844715472e+00
3.257439222724634931e+00
3.253459393112560605e+00
3.261842117892045589e+00
3.264445604539988555e+00
3.257245343922149150e+00
3.492087644828065773e+00
3.258388733428710715e+00
3.263013704026337169e+00
3.248609778700431772e+00
3.259648830475795567e+00
3.494994852580053379e+00
3.278477725272729515e+00
3.522759405009118439e+00
3.256047890398729994e+00
3.254684699555602467e+00
3.262468857057810201e+00
3.272160567822944177e+00
3.236494912255812206e+00
3.259423750258624963e+00
3.265763507274739741e+00
3.579512908883069944e+00
3.258288284439403437e+00
3.258153833993230997e+00
3.259806177785535386e+00
3.251984663653524787e+00
3.493141610929048291e+00
3.335665656958865188e+00
3.240734181886423482e+00
3.260256529617155952e+00
3.243869861513013930e+00
3.493022097238313695e+00
3.546170747954021429e+00
3.553499650153133960e+00
3.247072844803171154e+00
3.261943710318905065e+00
3.244567241370550637e+00
3.262284108135204086e+00
3.260935174709880258e+00
3.259877743990158283e+00
3.797009203970308278e+00
3.243037180279632725e+00
3.250452631368818679e+00
3.257799525982705724e+00
3.261251082236159338e+00
3.267425749053232575e+00
3.262204951753603144e+00
3.260439263073228400e+00
3.268886134701530555e+00
3.242508521750325112e+00
3.269043782021233024e+00
3.475382140643441087e+00
3.266840375374226557e+00
3.484640525944008083e+00
3.262382395105603461e+00
3.226820530256457875e+00
3.240044958287331411e+00
3.272521805558711083e+00
3.268626592151143928e+00
3.254227761895656990e+00
3.496245028189307380e+00
3.245715629963485060e+00
3.260483781040825590e+00
3.269259368206765437e+00
3.635855718612230447e+00
3.207535705563006267e+00
3.256690427476233829e+00
3.265773947403496802e+00
3.539159914206214008e+00
3.268229901697027540e+00
3.268220187071500415e+00
3.497909321264191185e+00
3.262758822403591275e+00
3.259980234650001307e+00
3.250098135653073594e+00
3.276726267991117769e+00
3.281999196040846556e+00
3.259648020037105187e+00
3.247354080250739905e+00
3.237295357103402438e+00
3.481121466492178129e+00
3.262559956695946006e+00
3.259589253014414822e+00
3.279114544791065011e+00
3.260569760650240401e+00
3.238786724575463793e+00
3.247630996672866033e+00
3.248243424856438910e+00
3.255986868221695918e+00
3.234491118083722583e+00
3.262974313093200962e+00
3.260297901706225687e+00
3.264126971203586081e+00
3.260947208728660396e+00
3.252343265034793429e+00
3.293723558341234092e+00
3.261182628103004078e+00
3.261087334709526608e+00
3.722248974489968720e+00
3.248425882462885994e+00
3.490421818403349086e+00
3.258347151865613078e+00
3.247124718408072486e+00
3.259466213511515775e+00
4.026230975233496601e+00
3.259353818252425317e+00
3.301149961982617231e+00
3.265434282286024725e+00
3.257258661505795683e+00
3.263287572607517895e+00
3.263663940244923456e+00
3.270627630508888828e+00
3.267072664115609371e+00
3.252202692218384428e+00
3.258381923674491532e+00
3.256363988819804600e+00
3.253016594554960061e+00
3.270279651215058703e+00
3.696916335630879402e+00
3.249467109838904744e+00
3.528140566048898030e+00
3.258741966662513700e+00
3.250421941730002207e+00
3.288324567008775290e+00
3.264935924090404118e+00
3.258211713034908197e+00
3.498042925224025268e+00
3.255222526119079696e+00
3.211894084518033932e+00
3.239056754489272993e+00
3.260305547308461449e+00
3.263713358028801803e+00
3.268610787064039513e+00
3.254531232489397130e+00
3.263431762735701014e+00
3.260841753396352960e+00
3.266241518332154481e+00
3.249232802556485389e+00
3.265825036821313088e+00
3.254296853424937019e+00
3.566234812242033314e+00
3.267920531961056696e+00
3.244498489809622299e+00
3.254143386730375287e+00
3.576616554528103453e+00
3.228562645084241733e+00
3.480034395714307838e+00
3.261706669559439664e+00
3.257721470847523282e+00
3.263480203084925257e+00
3.252627090903328799e+00
3.241663450949246350e+00
3.240028843524365598e+00
3.262013951241865328e+00
3.250010769156934209e+00
3.261803863234137513e+00
3.290347898774736546e+00
3.251533794012963163e+00
3.574100941568561396e+00
3.258254246103349683e+00
3.586109303367637668e+00
3.247326609939368947e+00
3.270787824486857343e+00
3.299546945004659282e+00
3.260573479077043313e+00
3.239403316491490159e+00
3.255924743166474844e+00
3.228979075710939561e+00
3.268732277585848056e+00
3.232229496067359431e+00
3.273398471553748301e+00
3.261911421341211259e+00
3.265367087912831590e+00
3.336917056972023232e+00
3.372847155093543492e+00
3.242390338172881137e+00
3.267802025356478790e+00
3.275859938893108225e+00
3.630931177247457065e+00
3.268334265769066604e+00
3.605135713014222976e+00
3.324230450751991306e+00
3.253492170625319257e+00
3.262041232394747414e+00
3.271978960755696164e+00
3.248561058903752130e+00
3.227633773463213451e+00
3.254608345172742112e+00
3.233327379363980736e+00
3.261932105722451958e+00
3.258716392306248988e+00
3.261467187718925853e+00
3.253001211735722542e+00
3.247620852418978465e+00
3.249814647760003616e+00
3.251692832349720064e+00
3.268978738021878883e+00
3.259677528215930487e+00
3.592255183105501626e+00
3.265637705021741777e+00
3.637818205695651841e+00
3.278958548847878962e+00
3.250947111038691162e+00
3.256114844683397180e+00
3.234192826398063936e+00
3.284611339432754296e+00
3.236073683721365057e+00
3.234101507210146664e+00
3.248937626505588039e+00
3.224156344695433329e+00
3.262459930987784418e+00
3.261302013210044315e+00
3.251425798957737090e+00
3.239634786269917299e+00
3.251174484308263946e+00
3.259333312360897406e+00
3.270611108775423492e+00
3.274943137790249814e+00
3.556099155010008506e+00
3.271107748032004103e+00
3.639141708196035108e+00
3.253509984625811313e+00
3.253210913145663685e+00
3.242650362681604115e+00
3.267116466277217413e+00
3.271513023251146013e+00
3.250830179930338293e+00
3.241948114415354798e+00
3.254240722005212305e+00
3.243199065147646110e+00
3.228690337167551494e+00
3.266703144346026821e+00
3.261547142200890814e+00
3.254962077858893466e+00
3.260296168080888179e+00
3.243422988396499562e+00
3.260895716276214884e+00
3.260249258058819155e+00
3.473575698406944579e+00
3.273163751247877507e+00
3.653232397976931889e+00
3.313497161323080586e+00
3.253876859826053902e+00
3.259952714162480003e+00
3.289210455089655927e+00
3.272952292797235874e+00
3.260772219758246493e+00
3.243449271524339039e+00
3.268790174846458285e+00
3.259591693682015290e+00
3.232940599581928254e+00
3.257870799339324108e+00
3.263607213535282714e+00
3.232098848616950626e+00
3.257401111174986319e+00
3.254269270954442295e+00
3.264375051669543115e+00
3.259028237071346368e+00
3.487196197791554209e+00
3.305299172419988718e+00
3.666978127035456669e+00
3.250478245410777234e+00
3.258935084888033185e+00
3.253002164893559200e+00
3.279500463786115816e+00
3.275125189409158200e+00
3.255429854182383398e+00
3.241982554198755917e+00
3.255796420959826687e+00
3.254817835211186505e+00
3.234169681197296420e+00
3.275279342780078373e+00
3.262900647275256194e+00
3.277212211272999109e+00
3.258443801168908749e+00
3.246318801829631173e+00
3.269167092318202350e+00
3.260158983485299089e+00
3.518027125205849703e+00
3.288497272887416223e+00
3.676608273364729396e+00
3.248456244195700116e+00
3.260239461756694546e+00
3.458628628181662279e+00
3.256756629511057710e+00
3.263921766514150669e+00
3.260620962651507693e+00
3.242458523310910223e+00
3.238159948510177966e+00
3.241489044755291982e+00
3.266831884946226783e+00
3.251041918234074402e+00
3.258889407726743848e+00
3.236096984242309738e+00
3.261743466326644914e+00
3.257633313260310803e+00
3.267963460544275112e+00
3.258777417828601308e+00
3.534524488635418571e+00
3.258761574724918564e+00
3.686578855547146372e+00
3.249142064235032379e+00
3.249891283600971459e+00
3.990669249345075276e+00
3.252809097123367188e+00
3.254248715313855733e+00
3.293389301125167368e+00
3.227604392625902818e+00
3.236675977415474303e+00
3.254911349507574325e+00
3.256702616772724657e+00
3.239190242153403343e+00
3.257382297385341463e+00
