1.015000000000000036e+01
2.339999999999999858e+01
3.500000000000000000e+01
4.845000000000000284e+01
4.289999999999999858e+01
4.970000000000000284e+01
5.254999999999999716e+01
5.675000000000000000e+01
5.879999999999999716e+01
6.170000000000000284e+01
6.179999999999999716e+01
5.410000000000000142e+01
6.089999999999999858e+01
5.835000000000000142e+01
5.704999999999999716e+01
5.729999999999999716e+01
6.195000000000000284e+01
6.904999999999999716e+01
6.634999999999999432e+01
6.845000000000000284e+01
