9.435418560395129717e+00
3.282119768900662038e+00
6.953543067227608176e+00
9.174431390332332015e+00
1.606348372864386320e+01
3.492149784857250250e+00
8.825031552777177879e+00
3.268884552962409984e+00
3.259193151547638223e+00
6.964413221837719270e+00
8.598089304595392335e+00
1.568723624913297243e+01
3.254304975111913301e+00
9.454305099549060287e+00
8.601182861276885916e+00
3.266778958120341692e+00
3.288233008887156750e+00
3.261391830629943644e+00
3.258901389056197750e+00
1.119276277618980941e+01
9.449188029791065091e+00
3.255745998091578830e+00
3.261221157282335525e+00
9.431431685730672143e+00
3.260584578762530494e+00
3.494996362483397512e+00
3.260652497957762019e+00
3.259714760819913515e+00
3.258883582005259072e+00
3.260164559642110049e+00
1.665653000000000006e+01
4.453706062589498416e+00
4.444570568176295922e+00
3.255568601592059963e+00
3.263321403286259859e+00
3.267007255138234534e+00
3.262873827717652553e+00
3.254719629886597243e+00
3.261453909607565649e+00
3.272134279189142347e+00
3.243533529236431345e+00
3.282682781301157871e+00
3.256938518426892859e+00
3.265161908661023737e+00
3.255944413366310464e+00
3.510006311413392588e+00
3.252433677999762907e+00
4.424158446109687226e+00
3.252788796482417144e+00
3.268470627593555111e+00
3.250196816474018480e+00
3.271062129341453684e+00
3.291264297749533885e+00
3.261874946854128599e+00
3.250739508895401642e+00
3.261668097518968690e+00
3.250483031287767055e+00
3.274628552934103265e+00
3.533675887044869235e+00
3.280180700702954422e+00
3.256578822183582300e+00
3.288660856556274048e+00
3.261877407881222268e+00
3.258669811737072486e+00
3.264529425173609223e+00
3.254670125367518541e+00
3.266580817866015618e+00
3.774382543346503471e+00
3.258470786870290681e+00
3.247847615754715811e+00
3.255950131840704920e+00
3.248565177734125342e+00
3.242273314944416285e+00
3.267013206329858477e+00
3.343205752332524927e+00
3.271069885925991905e+00
3.266228496294781625e+00
3.258368661488370677e+00
3.260129361399073389e+00
3.269726735163613451e+00
3.268076341695645315e+00
3.253904877111334137e+00
3.486274022387427340e+00
3.254214566525949426e+00
4.080692820446359725e+00
3.273237588359748429e+00
3.306148905579775032e+00
3.489178527345477843e+00
3.509916606959763818e+00
3.251330828866241252e+00
9.043370697149088144e+00
1.665653000000000006e+01
3.253702996151558668e+00
3.258316900041975828e+00
3.265398907974170761e+00
3.241818833264785038e+00
3.290963492733483431e+00
3.310464897836617126e+00
3.261002583346448880e+00
3.261930914088293942e+00
3.273117330799055313e+00
3.254981924911245716e+00
3.261708552175015541e+00
3.252557399005457928e+00
3.287831625506580924e+00
3.728078006665889621e+00
3.272821588190006459e+00
3.554302675970138381e+00
3.594262262359460447e+00
3.592547581791243783e+00
3.248348609607618620e+00
3.281124984061801086e+00
3.306786432845132850e+00
3.247593413948373087e+00
3.238388311156485511e+00
3.253829854862350768e+00
3.237919499085602393e+00
3.256056963570886698e+00
3.508716235559663499e+00
3.258661055725600164e+00
3.281905185120870261e+00
3.256310025338492675e+00
3.261130244834926639e+00
3.250749615008801996e+00
3.473170709954259472e+00
3.231897453175544221e+00
3.200720749370524754e+00
3.546566744078726963e+00
3.315476485119028816e+00
3.246196538314220614e+00
3.307805854933910439e+00
3.493556341210322991e+00
3.260303668410728495e+00
3.309121040013655257e+00
3.219466618269998914e+00
3.204314266765568853e+00
3.241614740575863962e+00
3.259063025751494980e+00
3.263665608745627278e+00
3.236396271159196480e+00
3.287548439690574309e+00
3.253100366241606700e+00
3.277265538754677632e+00
3.293908361235593496e+00
3.265087079087038102e+00
3.244702623364879468e+00
3.263604909714869162e+00
3.579871073174498708e+00
3.274514699947914220e+00
3.249659631608100785e+00
3.263732097523380116e+00
3.253407066441182049e+00
3.288644421040647803e+00
3.274303553099464636e+00
3.256124254316515643e+00
3.238669406791343963e+00
3.241279436966080230e+00
3.293974593871048295e+00
3.496456794221251219e+00
3.271691413484922872e+00
3.271349205346210098e+00
3.264243907728225480e+00
3.253388915646861612e+00
3.238525261033724068e+00
3.251910330088785273e+00
3.350278991921626481e+00
3.259168134160543406e+00
3.266213636675166843e+00
3.261138987762140395e+00
3.240836530547117622e+00
3.258668218764702917e+00
3.554665435674990270e+00
3.276738499856445053e+00
3.329794182072789432e+00
3.236803073241857565e+00
3.245883210024418375e+00
3.229828948476995976e+00
3.260256583751852677e+00
3.275405815916813790e+00
3.274235342485885880e+00
3.250052908058929990e+00
3.263137393392250729e+00
3.266050533464811334e+00
3.263932646636399593e+00
3.253291733389004126e+00
3.522252928813440764e+00
3.272394575929628679e+00
3.595741058694139625e+00
3.262804818657814909e+00
3.249321257044551103e+00
3.266276551805468387e+00
3.580218175387543056e+00
3.704053589631681742e+00
3.247361651826703888e+00
3.250724936375621432e+00
3.245579090964727076e+00
3.260435385039620826e+00
3.263087872292325553e+00
3.273580640388213503e+00
3.278356682132568700e+00
3.261678024674249166e+00
3.395535109447301192e+00
3.264658630753045188e+00
3.246109953832073014e+00
3.490096316832770995e+00
3.452546212434902451e+00
3.276806172155920738e+00
3.267450387261819245e+00
3.267950901438687605e+00
3.258643447335829890e+00
3.263623415265268779e+00
3.263154489092406685e+00
3.299019836214036161e+00
3.249582888827496241e+00
3.268180862493403449e+00
3.243982017991632549e+00
3.213471243052813175e+00
3.258351256068227730e+00
3.250901783170139225e+00
3.248792099368924990e+00
3.258238967261825714e+00
3.253779340622878102e+00
3.243291990661989477e+00
3.243031861298843133e+00
3.257477244850401910e+00
3.510709863524279939e+00
3.262542121569453446e+00
3.749545485703131398e+00
3.247772033710269568e+00
3.242533560013992844e+00
3.263499750676971178e+00
3.622618678391195335e+00
3.260212828550648645e+00
3.251973071078348543e+00
3.281060052946972672e+00
3.253793241324043350e+00
3.221732862985118739e+00
3.251193203989921621e+00
3.486560792834817679e+00
3.278872983738556623e+00
3.249124462725315965e+00
3.260037637802078780e+00
3.250558322773661413e+00
3.314678625053141925e+00
3.310385920659879577e+00
3.269174000629118559e+00
3.258524262154319562e+00
3.767742906946480286e+00
3.251680121397790391e+00
3.257511331255626086e+00
3.248147266709874970e+00
3.309907626507382794e+00
3.229838863983908404e+00
3.259899291515565345e+00
3.226068568009786031e+00
3.268008168760381249e+00
3.272625893842608491e+00
3.266757100746202180e+00
3.482612082802776232e+00
3.249954969533773497e+00
3.238367796705632351e+00
3.255810438281325325e+00
3.242332809265457083e+00
3.260891718312097787e+00
3.255645076660454773e+00
3.560352960049346205e+00
3.259204361208952516e+00
3.782894515791954237e+00
3.269665247731485813e+00
3.252344037710259705e+00
3.274281338532838870e+00
3.329806308016694860e+00
3.282504059438115185e+00
3.250693544033408156e+00
3.324399107094802464e+00
3.288708727439409785e+00
3.268382293203714095e+00
3.268298910981280780e+00
3.240040828098238013e+00
3.231636925750434042e+00
3.331238469763166510e+00
3.250377913143668973e+00
3.245390289710354814e+00
3.280470942141022750e+00
3.528132572124969890e+00
3.297562844251082925e+00
3.296931619574349437e+00
3.796206114965172684e+00
3.262626337249441733e+00
3.253985786746008468e+00
3.263883690155216399e+00
3.286435218730439534e+00
3.248450580488992934e+00
3.259885011850361280e+00
3.266912053083347089e+00
3.267829536636507992e+00
3.284131742648420005e+00
3.246995948777164465e+00
3.479777750179736007e+00
3.245107863632031631e+00
3.311123995812919052e+00
3.353798032935226825e+00
3.249445856876473915e+00
3.313416345934712570e+00
3.479859762809663692e+00
3.297223040982210307e+00
3.380403374903757197e+00
3.249721261901063585e+00
3.266632273387789276e+00
3.268331949868182207e+00
3.250097585084374963e+00
3.224657440943484943e+00
3.263885195618064561e+00
3.258016601051211047e+00
3.260226178402074293e+00
3.235895608747961116e+00
3.282694512582445157e+00
3.275858063544932364e+00
3.247448489095033253e+00
3.247572520398065876e+00
3.257743793733594018e+00
3.252761112986110259e+00
3.297920074270553670e+00
3.253154647808956579e+00
3.257433364039093782e+00
3.299428928150262674e+00
3.273328656510520851e+00
3.817091583115416853e+00
3.269482503255840111e+00
3.256399968149161772e+00
3.255834801623346930e+00
3.240605402202996199e+00
3.278649719951206354e+00
3.247177220540263587e+00
3.263066144808863367e+00
3.279109606014366740e+00
3.207796306902598982e+00
3.256993293675866763e+00
3.252630516660385940e+00
3.240154073965737069e+00
3.254606399217058410e+00
3.333239771761346670e+00
3.299265512086661634e+00
3.306570480521389133e+00
3.251782385669743647e+00
3.240183947352277105e+00
3.272408286056350146e+00
3.285296306921927201e+00
3.267944248401439822e+00
3.257018734468806631e+00
3.281020593289091902e+00
3.283138076465484723e+00
3.267120509395500694e+00
3.245933249756529637e+00
3.402629683197835320e+00
3.262155377715743043e+00
3.301754260179758482e+00
3.260578867977775630e+00
3.251771723361411404e+00
3.260304188730863917e+00
3.259852373468249187e+00
3.265231314577189625e+00
3.323061799884420964e+00
3.258620441474485485e+00
3.287601624929381128e+00
3.257810593367417074e+00
3.230506724582918654e+00
3.833775092043119503e+00
3.265298174576037660e+00
3.255744776327614609e+00
3.805566982493679529e+00
3.267543725214604677e+00
3.339781126492313845e+00
3.243855104354031571e+00
3.403174499613316861e+00
3.222755252897744338e+00
3.284514244720521337e+00
3.255885614463752908e+00
3.264131163745001007e+00
3.243207181086477764e+00
3.278357547120147153e+00
3.241135227072697855e+00
3.356387548405626031e+00
3.271717054453920692e+00
3.244585118223085818e+00
3.297271351722647736e+00
3.268269518466477397e+00
3.840590524667424788e+00
3.245829977063404481e+00
3.303663956471899255e+00
4.022457370248663899e+00
3.271421441379976702e+00
3.251158104273362159e+00
3.246226703213117570e+00
3.258593828407032156e+00
3.232409265517952157e+00
3.172736290415177240e+00
3.224810522159723192e+00
3.273200250675655010e+00
3.258953588763473963e+00
