2.024143276819243553e-01
2.025562524818882437e-01
2.025807503291625622e-01
2.023661720347336157e-01
2.023117587025824449e-01
2.024723650000312958e-01
2.030085785675828092e-01
2.023122796238991938e-01
2.025686384184703925e-01
2.023436837282392986e-01
2.023528027789982531e-01
2.030539904104733395e-01
5.305035973050316045e-01
2.023028089122620443e-01
2.024039583173609103e-01
2.023263501327869918e-01
2.035671092982775932e-01
2.024693798170558168e-01
2.022990439074430213e-01
2.022932280470710609e-01
