3.255153001944635527e+00
3.253059852032302857e+00
3.250185386917910701e+00
3.256021381769626188e+00
3.256300896700695446e+00
3.251055098319743042e+00
3.281221469688971215e+00
3.262971346845410903e+00
3.272916747047528663e+00
3.252751238800602351e+00
3.253352757434793130e+00
3.236495748721042176e+00
4.442472793108281692e+00
3.256353672173487812e+00
3.250554245840298062e+00
3.263334645540531209e+00
3.248240393823489391e+00
3.247657101955498504e+00
3.256975213535011182e+00
3.258334187008061100e+00
