7.300438508793672954e-01
7.085289645174549511e-01
7.095506411067713515e-01
7.143528210318246252e-01
7.183065127515656512e-01
7.297110011695725484e-01
7.132264577082191304e-01
7.199281242475576992e-01
7.187746117032151050e-01
7.220338812122759631e-01
7.250578670015843663e-01
7.280815972545691128e-01
2.173512596318181167e+00
7.197395544292838343e-01
7.248431572733509132e-01
7.181741641778757179e-01
7.499517173750945842e-01
7.193235098916282988e-01
7.197006896574095203e-01
7.225916663435505427e-01
