5.915987157523270312e-01
2.033822951576675919e-01
5.888234667990444038e-01
6.559034780987991198e-01
5.928514632178263355e-01
5.207547086343646825e-01
6.939466294396305912e-01
2.024471807390382239e-01
2.022951059236914872e-01
5.887242201235558525e-01
5.932157676484530739e-01
7.461330064873967771e-01
2.024533467365143835e-01
5.916703609197497826e-01
5.934514132253472241e-01
2.038639836661646498e-01
2.039599694141687181e-01
2.023452981033067033e-01
2.023058341232957247e-01
6.200557506905433058e-01
5.923650902808716978e-01
2.023084219390867133e-01
2.022985832264998507e-01
5.916372806966805342e-01
2.023724567244373773e-01
5.207609299602804498e-01
2.023857650589873103e-01
2.022936206891960964e-01
2.033772659584185405e-01
2.022919458293888084e-01
6.391167727180553371e-01
5.305069418961689820e-01
5.304406319052814567e-01
2.023116520503362992e-01
2.023297789272406888e-01
2.024326871796562344e-01
2.024262207427680593e-01
2.023380200041486887e-01
2.023028761397247521e-01
2.025407114806823117e-01
2.026756822835595884e-01
2.067084881772522920e-01
2.023216388625952433e-01
2.023464108485972801e-01
2.023029885879283896e-01
5.209656883856910170e-01
2.023853591042312772e-01
5.350592802008931059e-01
2.023908176803965731e-01
2.024935945555013106e-01
2.024448813820320936e-01
2.025073580745866408e-01
2.123346687172551484e-01
2.023061892513062787e-01
2.071881886439959075e-01
2.023081808739712883e-01
2.023911452482280993e-01
2.026630986698689796e-01
5.217981292267177551e-01
2.030136049080146776e-01
2.095688414512002495e-01
2.062113500749376271e-01
2.023328853716153120e-01
2.023094752915062244e-01
2.023310680435956854e-01
2.025935930137316987e-01
2.024895452850410393e-01
5.401959548923738197e-01
2.023541914707394085e-01
2.024717590455251681e-01
2.025563261586933450e-01
2.024397337834393795e-01
2.026818022616820869e-01
2.024682520986207379e-01
2.155139669401853197e-01
2.038166157774030651e-01
2.037325505293798855e-01
2.022916874114875085e-01
2.023105958675630589e-01
2.024653202511261796e-01
2.023944552820706733e-01
2.023636251218468018e-01
5.207774733265813083e-01
2.042159478929441718e-01
5.901511260984744212e-01
2.026699475248507909e-01
2.059444338722515866e-01
5.207601053414618875e-01
5.209635280516078382e-01
2.023992835511654320e-01
7.162880066470052043e-01
7.325508088501573312e-01
2.043475841302653251e-01
2.022911975590018230e-01
2.039201067757394625e-01
2.028104056187265414e-01
2.037384695234827348e-01
2.086593647384864525e-01
2.024029892269672004e-01
2.023055501017152480e-01
2.031698702854969341e-01
2.023580558826560960e-01
2.023565075760984655e-01
2.025033817110584167e-01
2.047231147130466056e-01
5.368418170654045696e-01
2.026664346864324173e-01
5.229040710765415767e-01
5.257677398494253751e-01
3.235630613442683767e-01
2.028519577903713511e-01
2.063394197153129994e-01
2.052990191704049394e-01
2.024747849365526875e-01
2.029399276234498117e-01
2.023425991647291866e-01
2.029649351967623971e-01
2.023391297378003273e-01
5.209372530466458429e-01
2.023475604226261382e-01
2.039490037396278765e-01
2.025659452823527218e-01
2.023080030438082488e-01
2.034528306528615715e-01
5.210297110933970188e-01
2.037459240842380837e-01
2.090907467340237247e-01
5.224707607369483142e-01
2.065618744774733173e-01
2.025160837508925837e-01
2.053660284882274922e-01
5.207564101842221405e-01
2.023316899919906930e-01
2.118191028527443009e-01
2.046553644097004465e-01
2.068860025720500317e-01
2.038529806746547379e-01
2.024528157531291228e-01
2.033627896893923648e-01
2.035753860935249904e-01
2.040065213361454965e-01
2.023551106072138950e-01
2.071036790939855265e-01
2.039420492056560619e-01
2.023370090048137726e-01
2.037795160480628809e-01
2.023325445357233576e-01
5.246553466458498960e-01
2.028823224367046762e-01
2.024079942041092650e-01
2.024323095586550991e-01
2.023859372267908796e-01
2.037182640506607356e-01
2.026670466678828220e-01
2.029376813580023864e-01
2.031123832472845336e-01
2.031012195446333379e-01
2.068397423430576865e-01
5.207683423719311477e-01
2.034546251776276904e-01
2.025101785661549414e-01
2.026498506646063902e-01
2.023460982935789687e-01
2.036082364984048709e-01
2.024008389681890563e-01
2.149947324789343028e-01
2.023014248458414599e-01
2.023815314742227756e-01
2.023053960982466037e-01
2.028007777882514517e-01
2.022933769058505860e-01
5.229263713277934045e-01
2.027337700616120841e-01
2.144909975557061088e-01
2.030267704570780651e-01
2.029785557609384838e-01
2.037034412959899399e-01
2.024939747554217462e-01
2.043423015939849208e-01
2.026171064260990917e-01
2.024261395544746378e-01
2.023116834469051994e-01
2.023633852169313130e-01
2.024083759556418727e-01
2.023368727600614037e-01
5.213256091505042988e-01
2.025521177170022114e-01
5.258858973861366692e-01
2.030485977799054709e-01
2.024247282438862428e-01
2.023584813575469710e-01
5.246812795640183325e-01
5.349687326332288606e-01
2.025124308063217526e-01
2.023991008860592800e-01
2.027835422078689831e-01
2.022981464603601509e-01
2.023129196518231865e-01
2.027920621041205962e-01
2.052772164558769319e-01
2.023061133168813086e-01
2.205932040339986244e-01
2.023680279982107422e-01
2.060675791911714683e-01
5.207572536161624299e-01
5.219826328995056386e-01
2.027221267760568324e-01
2.023881300018057772e-01
2.027763944355980286e-01
2.023366407284425961e-01
2.023381533351793493e-01
2.023136087011350170e-01
2.102278435166065051e-01
2.024821365083075975e-01
2.040151125596798565e-01
2.026193755293652643e-01
2.072249650260724607e-01
2.022962375573671423e-01
2.034068624546545578e-01
2.024986738604193093e-01
2.023184343329331725e-01
2.023822541769773053e-01
2.027531618093192378e-01
2.027632128581355886e-01
2.022966938540173842e-01
5.209817985781057814e-01
2.023059277901095854e-01
5.384351779985472319e-01
2.036275844460009310e-01
2.028350805274348190e-01
2.023546759272543127e-01
5.281209850087744684e-01
2.028810808965664236e-01
2.031047704516604213e-01
2.073784297467620164e-01
2.023269203605257971e-01
2.047184686116416685e-01
2.027723678257320472e-01
5.207752164630496949e-01
2.029683948558522744e-01
2.024736946426424211e-01
2.022918652316842980e-01
2.025414232151883098e-01
2.058881254083955170e-01
2.093481402930672530e-01
2.026632946248509981e-01
2.022914239829578520e-01
5.397326963748527717e-01
2.028432203080718921e-01
2.023529821266114581e-01
2.024922881846453748e-01
2.184474243639291657e-01
2.034799436695893249e-01
2.022945745011179852e-01
2.039206015624044355e-01
2.023937136841746920e-01
2.026546784320943928e-01
2.031157286260150130e-01
5.208312347165922063e-01
2.024023523748423870e-01
2.071183357539263525e-01
2.023801679605803372e-01
2.029122442668915838e-01
2.049197495064456476e-01
2.023115491425935275e-01
5.232866369194502099e-01
2.062400931735082210e-01
5.407833917383904065e-01
2.031154751865198449e-01
2.024221885192636350e-01
2.026584147335332986e-01
2.079206446367978245e-01
2.046269373864735286e-01
2.024973253361013192e-01
2.198661517077669103e-01
2.067808892380016417e-01
2.024354277755024967e-01
2.046629610212171713e-01
2.033686366457621020e-01
2.044352875791446422e-01
2.094659607678810431e-01
2.025030673554022442e-01
2.052951223831751548e-01
2.032046966813938482e-01
5.215535043000185667e-01
2.063434109077890710e-01
2.045331867961683869e-01
5.416908938113094152e-01
2.038676577471454365e-01
2.029125314579607320e-01
2.023404188371467072e-01
2.034533945433807389e-01
2.106398842313774722e-01
2.022956960173827312e-01
2.051172279451209945e-01
2.027171090555714983e-01
2.030926934058525646e-01
2.027000117125163925e-01
5.208710964190998993e-01
2.038642540725215113e-01
2.090752169938516758e-01
2.182673865167616967e-01
2.025439224046081677e-01
2.066006726389852943e-01
5.208703162770254025e-01
2.058003050749706020e-01
2.262660432454062231e-01
2.024784019353793596e-01
2.037650445337577665e-01
2.024377436248672169e-01
2.024328932077965604e-01
2.044700488038388997e-01
2.023202899499416674e-01
2.028808878839241103e-01
2.053157516288495188e-01
2.036104515171572871e-01
2.068733549483896539e-01
2.026716099411673966e-01
2.024923487681613565e-01
2.050768656349486463e-01
2.023242629171511098e-01
2.027776539529879685e-01
2.056110081390301048e-01
2.025306865304843384e-01
2.023243412874391467e-01
2.065566766912292351e-01
2.027209494307493642e-01
5.431183116627193996e-01
2.041162623434384926e-01
2.023175997829609329e-01
2.023662162325310376e-01
2.027973839224648245e-01
2.028361676206680286e-01
2.024815540322011387e-01
2.060820410005428371e-01
2.052732145603863856e-01
2.061287052373019790e-01
2.023062121986614059e-01
2.023450721212745052e-01
2.048258724042488765e-01
2.023810347847883051e-01
2.171328759586863555e-01
2.133903180298046820e-01
2.058846380255268116e-01
2.023636674580764350e-01
2.027759526077312913e-01
2.025633739869725503e-01
2.066909683707551793e-01
2.034698897952260666e-01
2.023493884290354927e-01
2.030452424069189021e-01
2.034104451132181524e-01
2.023812003388441028e-01
2.025733233264572775e-01
2.222465992808233537e-01
2.037343167068508265e-01
2.083287598481922132e-01
2.023004362685210111e-01
2.024599002037623663e-01
2.023110265936791663e-01
2.023412855660682297e-01
2.023725527988355921e-01
2.069936490659181061e-01
2.022972501033226678e-01
2.082540349259192070e-01
2.022986793174261777e-01
2.052931456025133272e-01
5.442433448355838976e-01
2.032880982716784857e-01
2.023360694353035782e-01
3.920509681575126137e-01
2.024827456363960110e-01
2.187270646312811095e-01
2.028765709313011811e-01
2.223658795026315360e-01
2.049369558148486092e-01
2.035538156819676203e-01
2.023089373908906197e-01
2.035252904875113344e-01
2.028075628126426722e-01
2.038274710908583032e-01
2.032632066258441839e-01
2.136423390791479804e-01
2.025479675604309193e-01
2.025744758272969293e-01
2.041581689444882386e-01
2.026860149742732986e-01
5.447081240435993621e-01
2.029909182797444700e-01
2.058196661580966591e-01
5.633339782060602374e-01
2.025375232836612582e-01
2.028004878705589320e-01
2.025123081086830368e-01
2.030561758138142991e-01
2.051564252566793201e-01
2.184041591629606316e-01
2.050122803139453609e-01
2.043351305073590751e-01
2.022901823075509142e-01
