2.159292163525007080e+00
7.390385819030057535e-01
7.242651565800787283e-01
2.042958823277169156e+00
2.167782800992248848e+00
2.884996000000000116e+00
1.208203616090548271e+00
7.231822813353100399e-01
7.193235149305045040e-01
7.204048629937126469e-01
7.186596759316234984e-01
2.454536765982182178e+00
7.311974729919608063e-01
2.165727367116507818e+00
7.386763563559746171e-01
6.875405873716831096e-01
7.430190874238797871e-01
7.152396912391951744e-01
7.178254269922387243e-01
2.326976602335078415e+00
2.194720352832987054e+00
7.195577210571401094e-01
7.199137400717782187e-01
2.162354361932832703e+00
7.135377347030514850e-01
2.884996000000000116e+00
7.129276166831033379e-01
7.197671080334542282e-01
7.497779922045146872e-01
7.208379191423021082e-01
7.223446088356950678e-01
2.170391847956039122e+00
2.164575533071085189e+00
7.192302520642388508e-01
7.177637766995444979e-01
7.144271792237181229e-01
7.306426903797934580e-01
7.253857190682612144e-01
7.192555247857592704e-01
7.234101051301962126e-01
7.146570878872271493e-01
6.675086802331693381e-01
7.256175600249008539e-01
7.237452378548131504e-01
7.209807789996126592e-01
0.000000000000000000e+00
7.264820603133045340e-01
2.253194782814468500e+00
7.152516741986799653e-01
7.280672488283587152e-01
7.273246871890564069e-01
7.191004102613873794e-01
6.377481922002878889e-01
7.191681638153275546e-01
6.615376992398769307e-01
7.186190953358784217e-01
7.197435384669514935e-01
7.268158910680309059e-01
2.884996000000000116e+00
7.317485431495840409e-01
7.951734120995610500e-01
6.741044967566812707e-01
7.163117073283503666e-01
7.250322357488061531e-01
7.199333969650405507e-01
7.356190157258705176e-01
7.114544001666648354e-01
2.884996000000000116e+00
7.281432634816383809e-01
7.181276595809800156e-01
7.075137639895108244e-01
7.225607172670213130e-01
7.238996806816851981e-01
7.298162131225810478e-01
6.527825033673656518e-01
6.895630917121692294e-01
6.889480709922748414e-01
7.204123061046765475e-01
7.250194480268510322e-01
7.223491867097435737e-01
7.215589233126704638e-01
7.159139177656300701e-01
2.884996000000000116e+00
7.587854875114474762e-01
2.580368766237053357e+00
7.125812176515997631e-01
7.499503070459611065e-01
2.884996000000000116e+00
2.884996000000000116e+00
7.165610435905787057e-01
1.523347687204024581e+00
2.884996000000000116e+00
6.825106421051696515e-01
7.217601861124911533e-01
7.558188800028163845e-01
7.120342729656081726e-01
7.333844073169194511e-01
7.727686383188826502e-01
7.122487454091197545e-01
7.193674588043452722e-01
6.997796871803374508e-01
7.154027232081701104e-01
7.146903987844128725e-01
7.104634027155340981e-01
6.881755768047957966e-01
2.884996000000000116e+00
7.121188203047927878e-01
2.884996000000000116e+00
2.884996000000000116e+00
9.548582799159548440e-01
7.385716293304376290e-01
7.728193194936087140e-01
7.054366134582893411e-01
7.187544872505191584e-01
7.143685587961280392e-01
7.247276799955132409e-01
7.144993721567669542e-01
7.265066707830128978e-01
2.884996000000000116e+00
7.147087391315439797e-01
6.935771003844024563e-01
7.071774353167696869e-01
7.242864519895231279e-01
7.493695136853760763e-01
2.884996000000000116e+00
7.036730346575984507e-01
6.868584902098460176e-01
2.884996000000000116e+00
7.429817959070489364e-01
7.228633019206364141e-01
7.065442910534002197e-01
2.884996000000000116e+00
7.158049252575392485e-01
6.480506897227111818e-01
7.116469113270337266e-01
7.100299151691621402e-01
7.501586003811728798e-01
7.102171825664588267e-01
6.931649324518347477e-01
7.008175276257250230e-01
6.978720596510776808e-01
7.176011063201358509e-01
6.630734404322766729e-01
7.099481386316915943e-01
7.213366746964298137e-01
6.914918189602445864e-01
7.246857274940246008e-01
2.884996000000000116e+00
7.070229129889187281e-01
7.212708823002692560e-01
7.119818271468506543e-01
7.149507049994753283e-01
7.050533947601758111e-01
7.146584702898486352e-01
7.430176747417992500e-01
7.347991774013189481e-01
7.046064810445323845e-01
6.720403628625213344e-01
2.884996000000000116e+00
7.479604398545809385e-01
7.216693199851649254e-01
7.055888350299559519e-01
7.244029283329698199e-01
7.444014876467884845e-01
7.156204275247063373e-01
6.644233387510817268e-01
7.183437877538986216e-01
7.256450984723998854e-01
7.185591376220774595e-01
7.277912153146088858e-01
7.197389703055082633e-01
2.884996000000000116e+00
7.168529484819955444e-01
6.469606647772541130e-01
7.148413657477603600e-01
7.394941024082575254e-01
7.338453082500602243e-01
7.089445936158571548e-01
6.852048993850855529e-01
7.239181710633126876e-01
7.167157585543331155e-01
7.213346403372724591e-01
7.184521896772994021e-01
7.131248355182758791e-01
7.198289421162404889e-01
2.884996000000000116e+00
7.186228541466503916e-01
2.884996000000000116e+00
6.976351616843807779e-01
7.188225551792164492e-01
7.222537833870646962e-01
2.884996000000000116e+00
2.884996000000000116e+00
7.159121542722618470e-01
7.247400284120283365e-01
7.347375054990321619e-01
7.232888012630659391e-01
7.224012651507007998e-01
7.086252244368242970e-01
6.773122823374463364e-01
7.235538035289595937e-01
7.297753985332158244e-01
7.265634779770477891e-01
6.701597125081409922e-01
0.000000000000000000e+00
2.884996000000000116e+00
7.183996889231796246e-01
7.236561717260628912e-01
7.041538080987352899e-01
7.153670368915421296e-01
7.172645607941146029e-01
7.223983964149857107e-01
6.518320014439012988e-01
7.285385871551245396e-01
6.861611637335510716e-01
7.252719289409470527e-01
7.578268423384519892e-01
7.192302254648483828e-01
6.936905522776138922e-01
7.283009378968485770e-01
7.167228541570906941e-01
7.276502057849164595e-01
7.116423224980158446e-01
7.308026238421578835e-01
7.228144808714327407e-01
2.884996000000000116e+00
7.210286837135081450e-01
2.884996000000000116e+00
6.919681900157531595e-01
7.099703377039963126e-01
7.158266204088438167e-01
2.884996000000000116e+00
7.422689877661767799e-01
6.977263683520465998e-01
6.623010153553702262e-01
7.209342733999980490e-01
7.034266059712159791e-01
7.384346991031247587e-01
2.884996000000000116e+00
7.100587250946059914e-01
7.150798585797376594e-01
7.206434222986782823e-01
7.319426822089428741e-01
7.227497575493213589e-01
6.644689777475764059e-01
7.339978912094693442e-01
7.204183766712763948e-01
2.884996000000000116e+00
7.023983093118927323e-01
7.145744855088955738e-01
7.156437689322591167e-01
8.251707966112363790e-01
7.218366563422122795e-01
7.196237392189508419e-01
7.297349203743690449e-01
7.204045773943239528e-01
7.123385101959147647e-01
7.450852367383533625e-01
2.884996000000000116e+00
7.223746811455499239e-01
7.767289149879810228e-01
7.137223525754469167e-01
7.345372059920194374e-01
7.657004152986408574e-01
7.233744835052884348e-01
2.884996000000000116e+00
7.757430663550969330e-01
2.884996000000000116e+00
6.989494963026745555e-01
7.139386921252947049e-01
7.151287129110762697e-01
7.183687901010195054e-01
6.856348614309322187e-01
7.120775799884099255e-01
6.178698779309076405e-01
6.695764730466950976e-01
7.192732651336194438e-01
7.627659647963117573e-01
7.418484315334470391e-01
6.931993009714001452e-01
6.877879675282206895e-01
7.121401126998458952e-01
6.763181807405866941e-01
7.055442204050866861e-01
0.000000000000000000e+00
6.788866871561999305e-01
7.411473897810837430e-01
2.884996000000000116e+00
6.869456672237262973e-01
7.421450544720289422e-01
7.251500289541643607e-01
7.343201175878646403e-01
6.432479413168001869e-01
7.193769402372046651e-01
6.755418757082408687e-01
7.054618837582871116e-01
7.199746770313416588e-01
7.337910561510584406e-01
2.884996000000000116e+00
6.902699801836303939e-01
6.670699485285744856e-01
6.468054051573995933e-01
7.310472731691654014e-01
6.947084700163783655e-01
0.000000000000000000e+00
6.840434147132811171e-01
6.307576780032686514e-01
7.285280441088003434e-01
6.886459593546453428e-01
7.265841676077428035e-01
7.263794918823579527e-01
7.402571949076285351e-01
7.210761731674449893e-01
7.422327688414965818e-01
6.735563610810364477e-01
7.417196799718331901e-01
7.761744319513108614e-01
7.209596610784694271e-01
7.172774404522798131e-01
6.774254918071389575e-01
7.163721074276547807e-01
7.033027962404594380e-01
7.556804901726466017e-01
7.092491043168271947e-01
7.260379731285029337e-01
6.784064991056067973e-01
7.318186243630430132e-01
2.884996000000000116e+00
6.853822349554323790e-01
7.249279710720833991e-01
7.144352292289020134e-01
7.268880541886854063e-01
7.268530723380439706e-01
7.200208977422953849e-01
6.678374247413941811e-01
6.776412497047353822e-01
7.215781982095598179e-01
7.184536675530088790e-01
7.216026530197238165e-01
6.826838464399291873e-01
7.143160302510779269e-01
6.354555711055982492e-01
6.353901159093311435e-01
7.484550274674993675e-01
7.197048144406751335e-01
7.219057997503781632e-01
7.173567969807969069e-01
6.686824332634412338e-01
6.926201012247208411e-01
7.275813900298737646e-01
7.111982505283622746e-01
7.041020578997871926e-01
7.236515869315652827e-01
7.273848010682575360e-01
7.130066965866193041e-01
6.884123109617114045e-01
6.656396031452187501e-01
7.189093284702536835e-01
7.298125113269456898e-01
7.250104044739774656e-01
7.151089733227051770e-01
7.262648489197124357e-01
7.265161821779176909e-01
7.189827195201093923e-01
6.588722241618930608e-01
7.190446521794887635e-01
7.577616433004806806e-01
2.884996000000000116e+00
6.944717228529408981e-01
7.260879476918986608e-01
5.525827671614514935e-01
7.125288499670231479e-01
6.322785347267755318e-01
7.353855061070005972e-01
7.135842244388955757e-01
6.978042415933930487e-01
7.397628391821076121e-01
7.192156330342596160e-01
6.911186437159179130e-01
7.098821945458060334e-01
6.928335854590799148e-01
7.015170669397183811e-01
7.547854911843140391e-01
7.257590035848817678e-01
7.201196736430748313e-01
7.298964250336178461e-01
7.360188920979352512e-01
2.884996000000000116e+00
7.027962029944151423e-01
6.908230214194176488e-01
0.000000000000000000e+00
7.256478145231328725e-01
7.390129085048020574e-01
7.220340766770309004e-01
6.973152976436581829e-01
6.845417753918221493e-01
6.683137300776532674e-01
7.487239741866106302e-01
6.844705511911880480e-01
7.214242081783011074e-01
