1.065000000000000036e+01
2.350000000000000000e+01
3.164999999999999858e+01
3.560000000000000142e+01
3.720000000000000284e+01
4.004999999999999716e+01
4.100000000000000000e+01
4.279999999999999716e+01
4.375000000000000000e+01
4.500000000000000000e+01
4.689999999999999858e+01
4.970000000000000284e+01
5.139999999999999858e+01
5.264999999999999858e+01
5.275000000000000000e+01
5.600000000000000000e+01
5.789999999999999858e+01
5.939999999999999858e+01
6.195000000000000284e+01
6.364999999999999858e+01
