2.164317470276230448e+00
7.147234328966677319e-01
7.289411644674749224e-01
2.168076150023012794e+00
2.163879030980437435e+00
2.884996000000000116e+00
1.208255172819028056e+00
2.174906168559550323e+00
7.234617856219017762e-01
7.166435614725872316e-01
7.124767000785680038e-01
2.454854848902870312e+00
7.224629943563295464e-01
2.162393487852363183e+00
7.228625556468153412e-01
7.323496735015665449e-01
7.230724535652943707e-01
7.259653844951434731e-01
2.162770815317466955e+00
2.327019582304930001e+00
2.167090159876145172e+00
7.180210679910454807e-01
7.209832065258521272e-01
2.158874573330282765e+00
7.207886886370715729e-01
2.884996000000000116e+00
2.174382140191237767e+00
7.304221781702406879e-01
7.215118441491211732e-01
7.228795170340891474e-01
2.176031413456968266e+00
7.146803707433770914e-01
7.089023435012899998e-01
7.233736862787503163e-01
7.303212817571252957e-01
7.411801206116173102e-01
7.196260784761864260e-01
7.219515740864337339e-01
7.213397132142458368e-01
7.106523991078715907e-01
2.141735591641825920e+00
7.190965995183639103e-01
7.205153062750535575e-01
7.308452208450577636e-01
7.216328771708547807e-01
7.190481469637622913e-01
7.421663254910350060e-01
7.224840106940387807e-01
7.136762712799202824e-01
7.129291321924656755e-01
7.327685793237793677e-01
2.884996000000000116e+00
7.215847753879857107e-01
7.213906004508829906e-01
7.046461642872813291e-01
7.245575112881642577e-01
7.281078616047649277e-01
7.723745692244012861e-01
6.501050916703259297e-01
7.251204865300378000e-01
7.222510914813686789e-01
7.139689030379041679e-01
7.386526171155397558e-01
7.244179874716737411e-01
6.990135518969595729e-01
2.884996000000000116e+00
7.135690662327923706e-01
6.990710824401040746e-01
7.210611142861688139e-01
7.278205534493867868e-01
7.203611226034355441e-01
7.074193955457181993e-01
7.188331726861709736e-01
7.211845029603334289e-01
7.220260299038148144e-01
7.219663980763026956e-01
7.186982264129775366e-01
7.222043939008482294e-01
7.253126881899413236e-01
7.217575264683372405e-01
7.228038496519106904e-01
7.219932108710128693e-01
7.225727390405654038e-01
7.227964656018746048e-01
7.205627347269086824e-01
7.239385848243569122e-01
7.171360705236008437e-01
7.198728847314973533e-01
7.281760335600812040e-01
7.188471791419769330e-01
7.287403011736360847e-01
7.139769739565109408e-01
7.243752521182302839e-01
7.245942743525851659e-01
7.218506112210399950e-01
7.229371298693929582e-01
7.402635522981105831e-01
7.188660199317025157e-01
7.218547593768904758e-01
7.226918424425277099e-01
7.211960333815803370e-01
7.185448495407873448e-01
7.183813256416555770e-01
7.179022462499067281e-01
7.199583128147842848e-01
7.193388705169216912e-01
7.204452482431841220e-01
7.219016320211012472e-01
7.182012939408509711e-01
7.223677745952292728e-01
7.217086572792711374e-01
7.245938255309463116e-01
7.361702534498520967e-01
2.884996000000000116e+00
7.256480315090438893e-01
7.223103022264425466e-01
7.343035173477789890e-01
7.250757480925454912e-01
7.199795516273100882e-01
7.265700608353707901e-01
7.187745547215141917e-01
7.147758243091452135e-01
7.190873596905691389e-01
7.029739969389882104e-01
7.209124395678571107e-01
7.556559553376739347e-01
7.185562642069214245e-01
7.290013260570152864e-01
7.237242366327565346e-01
7.024596733522843195e-01
7.100195105728597245e-01
7.197171249070706267e-01
6.931363101726748521e-01
7.177076531487243116e-01
7.275427956440621013e-01
7.215659319145935058e-01
7.137285387671488124e-01
7.159261687789855166e-01
7.188768795523631239e-01
7.151361273019070097e-01
7.258428404035226489e-01
7.088171579166189229e-01
7.065692576948868764e-01
7.150430480771535757e-01
7.225725381277533499e-01
7.262245755144574044e-01
7.099144826570404909e-01
7.227502712712837729e-01
7.184181383112715480e-01
7.307124807121618826e-01
7.220770600877994827e-01
7.474982603555334615e-01
7.054914642216369991e-01
7.302805192917729560e-01
7.143091600233132388e-01
7.262638797781267863e-01
7.252118872333643829e-01
7.200906530991562082e-01
7.282506247506161934e-01
7.179502887348730988e-01
7.145427463450522154e-01
7.076274773889686953e-01
7.172600635579264861e-01
7.228596419786106342e-01
7.199430871516160346e-01
7.246342404759826827e-01
7.171860600005579567e-01
7.217912426474811793e-01
7.796895728829077443e-01
7.180454623089520538e-01
7.167628951285974770e-01
7.190542019816749120e-01
7.206673781446698568e-01
7.320907845860848973e-01
7.263727466184548565e-01
7.271180856069157095e-01
7.261729695160015208e-01
7.442798094709828227e-01
7.071920576342277664e-01
7.234672502421167772e-01
7.288922807754971700e-01
6.510126098761011004e-01
7.190808891237949751e-01
7.195843849716005991e-01
6.997341231118788807e-01
7.268175671854756326e-01
7.115442622270128359e-01
7.362680854799973362e-01
7.240677290472203875e-01
7.235913707693876207e-01
7.269536149069776299e-01
7.228431343398827869e-01
7.114649529608809697e-01
7.106594475300632707e-01
7.222399526627752975e-01
7.467767776350313635e-01
7.231568342174060637e-01
7.192002474841510118e-01
7.463164659963145153e-01
7.117374892950614207e-01
7.210187491137211024e-01
7.138625395036319876e-01
7.230149784569708249e-01
7.208199378109758637e-01
7.135086833517173543e-01
7.475381753760069747e-01
7.097385980290308316e-01
7.393499886007032229e-01
7.362299359010940902e-01
7.204324712708879419e-01
7.278762170571875245e-01
7.231338257097659206e-01
7.181174370140839258e-01
7.251836273829339596e-01
7.314487714029206389e-01
7.198835290079985683e-01
7.033280295782491365e-01
7.135368915946254109e-01
7.136887474421919064e-01
7.052274478869924312e-01
7.298344779579997166e-01
7.178798690437657726e-01
7.178866994031003479e-01
7.339795087917747596e-01
7.104088603122667989e-01
7.238420308838798833e-01
7.117918668059455278e-01
7.186031979834146544e-01
7.199911644715444314e-01
7.199315186426183955e-01
7.239836071691273522e-01
7.292451824725313392e-01
7.170924313840010278e-01
7.331868649579433850e-01
7.197600489462478990e-01
7.517023604561513528e-01
7.227058339887775240e-01
7.178068990222783441e-01
7.193749982490785788e-01
7.218189786728897994e-01
7.317474829636074762e-01
7.085084591068298021e-01
7.079271193635259252e-01
7.250960563350331567e-01
7.062706560411087242e-01
7.234225903827724569e-01
7.061074363056364378e-01
7.330913078355349999e-01
7.269129739538199297e-01
7.196374608492910330e-01
7.277533935464209902e-01
7.198670091521458536e-01
7.218545563411803423e-01
7.248980924892099997e-01
7.192880323169366097e-01
7.224088673180538711e-01
7.206403737776355678e-01
7.179853086809980800e-01
7.303748277628805408e-01
7.215851794688288301e-01
7.212157970653039207e-01
7.212778591196347122e-01
7.179188589413787458e-01
7.164393437945910659e-01
7.278788848237492948e-01
7.261330941034401798e-01
7.211784358121114957e-01
7.375605336932267164e-01
7.284926866578881333e-01
7.118172814977763441e-01
7.332619305085759098e-01
7.247690803854884845e-01
7.204664611345988900e-01
7.171421627609007032e-01
7.201981843763977098e-01
7.116056742185059569e-01
7.187291934650464897e-01
7.267950225543893250e-01
7.429312673881389717e-01
7.051602700978840677e-01
7.170021157936375955e-01
7.220357123153170464e-01
7.190952853225553998e-01
7.210136689050592462e-01
7.136183341842735617e-01
7.156943655260694648e-01
7.214463965285046188e-01
7.327963644686955602e-01
8.489803765098109523e-01
7.174634426839027190e-01
7.220737666464325244e-01
7.264314351239816725e-01
7.191418122460295770e-01
7.204695710789372765e-01
7.267821234815974307e-01
7.027360987277401216e-01
7.035864913933448372e-01
7.210158652926916822e-01
7.099664901623070623e-01
7.162940221968218113e-01
7.342415947872135140e-01
7.096807897480799099e-01
6.933135030438970503e-01
7.136439570997938908e-01
7.183010045148517930e-01
7.086769814522696498e-01
7.176988314696303162e-01
7.177749936471871095e-01
7.201721121428347194e-01
7.197930679835559120e-01
7.358366445916441068e-01
7.030512897307403808e-01
7.136242153933393118e-01
7.197768511846195372e-01
7.243371265317029017e-01
7.021596510181932205e-01
7.221031320848180224e-01
7.196931052547672625e-01
7.112635654094865423e-01
6.965803486363916219e-01
7.255757138173071219e-01
7.212595075712724402e-01
7.183317656978804866e-01
7.262904863333656813e-01
7.128602009061033584e-01
7.114577397869195075e-01
7.179151182024672284e-01
7.174871338845125734e-01
7.326520884590298488e-01
7.167718090860657476e-01
7.252559351500189599e-01
7.215541982813581390e-01
7.183169143002964274e-01
7.160092535129684022e-01
7.240642317389529570e-01
7.213197320317591421e-01
7.223086105357029441e-01
7.144392071643359543e-01
7.086187228236077162e-01
7.202518400813612276e-01
7.288517742003136624e-01
7.213408903065305910e-01
7.223302712743293608e-01
7.263859988707078719e-01
7.228802489020806910e-01
7.248627642558705952e-01
7.167376215524745575e-01
7.172737337431110971e-01
7.209522669938355222e-01
7.333650205317797655e-01
7.272956144261530920e-01
7.223311734854698241e-01
7.188488722811577913e-01
7.348000716170471902e-01
7.154631869201046879e-01
7.215825715639176963e-01
7.250675534726396254e-01
7.102267890625324487e-01
7.273559658476898004e-01
7.210012210140195332e-01
7.180601721795832892e-01
7.186291620139987346e-01
7.146735810686506429e-01
7.240441055806325910e-01
7.201935895782333175e-01
7.383386570285750405e-01
7.134288721738066830e-01
7.184948440689822302e-01
7.250685294423806493e-01
7.272406763498248106e-01
7.183425385850735756e-01
7.438468443214119041e-01
7.158420860715285494e-01
7.248022211354780975e-01
7.217456286498592499e-01
7.208356275688936332e-01
7.142440666471681077e-01
7.186683179077701933e-01
7.214885612668403558e-01
7.230883313001364998e-01
7.215082829358981931e-01
7.228164905127667517e-01
7.174032124788262132e-01
7.110646925274314301e-01
7.196720452168428039e-01
7.226206999475814907e-01
7.005456596056034435e-01
7.194732573225259831e-01
7.262476216689841557e-01
7.297466314940257437e-01
7.346765943377231434e-01
7.201830485993030440e-01
7.196094578606979653e-01
7.117819744731544995e-01
6.894043262486304613e-01
7.191344800669272619e-01
7.141464329076289141e-01
7.170077618997872104e-01
7.066826219540528475e-01
7.026295649824345624e-01
