9.441769091938075675e+00
3.262770072248261322e+00
6.966496730385012270e+00
9.443700628150580201e+00
1.605933574929990826e+01
3.489797336840123609e+00
8.824917748193197298e+00
1.604700611698989476e+01
3.262647635005061275e+00
6.967485862342363667e+00
8.612215000491168837e+00
1.568747161441140214e+01
3.263103378900054530e+00
1.107171568227021652e+01
8.599565437339872886e+00
3.313188087760314371e+00
3.256591681501870728e+00
3.263435122811334299e+00
1.437855058714120382e+01
1.119280850971017216e+01
9.433696470749342922e+00
3.252475581703724306e+00
3.257811170762774378e+00
9.433494698585819904e+00
3.263273917178400207e+00
3.505350340980419421e+00
9.435922165937007833e+00
3.254438709729721158e+00
3.250156910382898445e+00
3.266829448726133123e+00
1.605736576501958979e+01
1.191913104424546965e+01
3.274675559328607655e+00
1.191141751323656806e+01
6.971619852250093174e+00
3.251333603440295761e+00
3.260356722190844270e+00
3.259050490451544491e+00
3.260811955975452925e+00
3.299908272463783820e+00
4.434707602853601216e+00
3.256547401777656336e+00
3.259967971427325750e+00
3.262782384548748027e+00
3.259871430914478729e+00
3.262495438259243041e+00
3.265973743885097758e+00
3.264146838346640322e+00
3.257244854857297423e+00
3.253353330345722494e+00
3.252586069071772723e+00
3.518876718930823877e+00
3.258853412341174316e+00
1.353664269626708538e+01
3.262640796944675792e+00
3.273669584016293488e+00
3.256011395438486833e+00
3.253620317831123376e+00
3.262137310006459234e+00
3.260680031254769240e+00
3.251362350844134941e+00
3.255775056394155875e+00
3.259275163981486756e+00
3.253256589671116306e+00
3.319269992221107746e+00
3.507411403462639132e+00
3.267714058471165472e+00
3.258714037878741809e+00
3.263104930009315119e+00
3.257730227607851248e+00
3.265227380188956197e+00
3.259423389294534790e+00
3.241165523157278461e+00
3.256652615189857158e+00
3.257069240796810927e+00
3.258551317298685301e+00
3.261120923779143421e+00
3.263128496696273917e+00
3.258458008814955065e+00
3.262122184063402486e+00
3.254640051032534842e+00
3.259557494920580556e+00
3.259449725121429164e+00
3.259726178743099112e+00
3.255984395069132287e+00
3.263326999966207786e+00
3.259032774699612833e+00
3.262411037669537883e+00
3.259184481067934680e+00
3.257430431351161726e+00
3.253971460099610358e+00
3.257143951767839773e+00
3.265986406988320212e+00
3.264572064189240397e+00
3.260851761979604913e+00
3.256188920075370863e+00
3.249434999996219986e+00
3.261979802919371174e+00
3.260247354283139831e+00
3.255846774391791154e+00
3.262157662058762231e+00
3.257244457330259024e+00
3.258115898757628415e+00
3.258057811288105121e+00
3.260759176248671842e+00
3.255334282639335886e+00
3.260193591561656667e+00
3.259589141804803525e+00
3.278762499489586979e+00
3.250186670929251953e+00
3.259140654835910311e+00
3.261931894434686896e+00
3.265149201197629303e+00
3.504444853905503532e+00
3.242586110409853006e+00
3.259506570200041420e+00
3.258113422698496020e+00
3.253386068531546549e+00
3.259181362281535765e+00
3.259957683090398017e+00
3.253052787836061999e+00
3.254611342703861876e+00
3.259356420185167913e+00
3.257383969225768006e+00
3.258013728003073872e+00
3.222160828993697823e+00
3.268732020194864862e+00
3.255607844991831534e+00
3.265609917617259939e+00
3.261466204848036732e+00
3.253750769273070720e+00
3.258100676453166145e+00
3.264773933327643096e+00
3.257601303639364954e+00
3.264102022931219871e+00
3.265662360992132918e+00
3.257432947010609148e+00
3.264738816948734801e+00
3.260822094044481645e+00
3.255966896484367989e+00
3.259041690155161763e+00
3.250112587392240293e+00
3.259336199198860751e+00
3.261272774869625302e+00
3.266924761096779761e+00
3.242729323370563410e+00
3.248913043317660065e+00
3.264974772070041276e+00
3.270199696086929730e+00
3.254901716740368656e+00
3.256681150996174612e+00
3.283176661047978673e+00
3.262291610487864979e+00
3.264782452987470940e+00
3.258233545091282934e+00
3.260524348356189428e+00
3.266805392305834221e+00
3.260889617976212129e+00
3.253455216882217726e+00
3.261853029280085359e+00
3.249699033689989136e+00
3.250921395240471856e+00
3.260135906209338241e+00
3.260677459721464277e+00
3.256387550223908800e+00
3.250395239948661530e+00
3.284412669138123242e+00
3.252184541784456151e+00
3.283218257616254743e+00
3.263169709788519945e+00
3.258718749599305742e+00
3.268344765791811213e+00
3.257080675454460117e+00
3.268667605842367152e+00
3.265564644315363640e+00
3.263101503225569022e+00
3.268327258765221455e+00
3.251522522515260416e+00
3.244918154103772601e+00
3.253571336291428473e+00
3.251809420441415188e+00
3.336150374460557178e+00
3.260032139560469222e+00
3.258804629548401000e+00
3.252088642100609217e+00
3.260137665255133488e+00
3.254129369993658649e+00
3.258298002373471558e+00
3.262078482234252341e+00
3.254185275572732294e+00
3.257130873369382229e+00
3.260580078453817698e+00
3.253522165412007006e+00
3.263694373317820752e+00
3.256680777606499877e+00
3.267629612332341615e+00
3.266750450629431590e+00
3.251201080530147003e+00
3.247224734005408564e+00
3.254842064661085388e+00
3.254077676251407869e+00
3.254967003282577931e+00
3.261604533034542008e+00
3.264463113344957090e+00
3.245773489261971623e+00
3.268157343517219093e+00
3.260326868337347417e+00
3.253762278406462372e+00
3.255855536333433164e+00
3.258452549822433930e+00
3.258636551832823969e+00
3.265909314854849033e+00
3.256033857461638092e+00
3.234527365571691959e+00
3.245119209489227607e+00
3.262452940876729990e+00
3.262857008892905863e+00
3.255466821732681648e+00
3.246514460007438263e+00
3.256902220281385318e+00
3.251889790583772033e+00
3.257694804519282172e+00
3.256728007891519727e+00
3.247433694621039812e+00
3.241994805224544862e+00
3.258103676985106834e+00
3.261413180847411386e+00
3.258812711426259945e+00
3.262742451853514858e+00
3.258279440367884305e+00
3.254686333455517389e+00
3.266440528593188564e+00
3.259809002605839279e+00
3.246627232742224756e+00
3.247985065461150178e+00
3.244872476529777394e+00
3.266180766898345578e+00
3.261391786323518449e+00
3.264705874989433987e+00
3.256602321546121281e+00
3.251621492305909467e+00
3.247582508798570800e+00
3.253907103624170905e+00
3.263385313055514825e+00
3.250160988544287477e+00
3.252568899894726417e+00
3.267459349827972037e+00
3.243940028847128509e+00
3.261180949989855637e+00
3.254801194930495800e+00
3.256549208620983293e+00
3.260404501379097209e+00
3.253895749747163890e+00
3.267590861743159714e+00
3.246040986930199157e+00
3.266600093859739040e+00
3.261695980345256096e+00
3.252747329556851863e+00
3.249439639338794539e+00
3.250598247146628594e+00
3.259510919033610676e+00
3.259716258899032937e+00
3.256381151015397712e+00
3.254654153773951286e+00
3.257014989533939975e+00
3.263394680925210345e+00
3.263514927884421990e+00
3.248361145536131200e+00
3.258071872258734292e+00
3.253709177376252981e+00
3.253895749417607508e+00
3.260407378781545962e+00
3.257408239505150682e+00
3.257921563153656219e+00
3.249850385086825000e+00
3.243416941889494698e+00
3.261710349427951794e+00
3.230479875625527075e+00
3.263051381166265141e+00
3.255853380611809733e+00
3.255929916460384099e+00
3.260833029634467195e+00
3.256174252724200358e+00
3.257050224655560378e+00
3.265313657602431530e+00
3.271078827530434552e+00
3.261716024829877547e+00
3.244239838243579754e+00
3.483626239958025561e+00
3.258118908339544539e+00
3.257123154977050739e+00
3.256286835143775260e+00
3.248475536236170580e+00
3.264209553043422307e+00
3.242655097553593269e+00
3.242783512761561404e+00
3.267619285932203077e+00
3.261606371698735796e+00
3.241249343425001594e+00
3.244759511265306706e+00
3.255291715982626677e+00
3.255286036759756918e+00
3.283537423016814838e+00
3.249325582443062022e+00
3.259271742082357370e+00
3.259225514734919393e+00
3.260533531218758885e+00
3.258972217191204113e+00
3.259448089318378816e+00
3.250900329626502216e+00
3.254428992065430126e+00
3.318017832214851026e+00
3.253834486295841710e+00
3.257122433767309477e+00
3.248748047942339845e+00
3.242053776691949718e+00
3.257431327340519989e+00
3.263611199645537919e+00
3.243623145903189453e+00
3.249876036702272764e+00
3.248707695898055636e+00
3.261103053336174451e+00
3.259210675904568699e+00
3.254496890713574953e+00
3.244675988019782409e+00
3.255789665233506103e+00
3.259339703061920890e+00
3.244985391615893722e+00
3.258380209441224196e+00
3.261949406370626026e+00
3.258513618818856816e+00
3.254915649638947528e+00
3.248804340069649133e+00
3.265800084745082099e+00
3.244054494015327528e+00
3.260872687212224896e+00
3.261053449312814934e+00
3.263367651583016560e+00
3.242909281932284671e+00
3.265032058726184516e+00
3.257550307802460132e+00
3.262948381639076523e+00
3.260217668185553475e+00
3.254639356245732973e+00
3.261656160771871260e+00
3.262992565197052386e+00
3.263176976982628208e+00
3.255974723216953581e+00
3.259767929907319672e+00
3.255631707434368138e+00
3.254751569518673282e+00
3.270746534749365608e+00
3.266861136636705520e+00
3.227075961901477719e+00
3.244873395195498667e+00
3.263728862141142884e+00
3.262542498091955512e+00
3.264345331727390498e+00
3.238993969555306940e+00
3.257259794543601039e+00
3.255279593899491619e+00
3.260201380103918467e+00
3.251719552787381229e+00
3.263104600910789355e+00
3.262061385412465153e+00
3.267872807314432748e+00
3.258705390493451315e+00
3.260201053564343088e+00
3.259064654653123672e+00
3.252757287545534393e+00
3.253940463877316613e+00
3.247033741587286748e+00
3.257737543135429625e+00
3.267490246906194606e+00
3.253089429880688499e+00
3.266330291696553978e+00
3.256233954482769200e+00
3.263849753061744519e+00
3.239932584631757262e+00
3.262017703260281731e+00
3.255769538235847360e+00
3.258749898755638696e+00
3.255958638169734964e+00
3.242805034423990485e+00
3.261055213841832057e+00
3.257497355710572418e+00
3.262087654213154941e+00
3.262568987036428947e+00
3.257996099679404622e+00
3.246550908661028245e+00
3.254607081051303918e+00
3.258825875536147443e+00
3.261262884594961164e+00
3.272040391742565557e+00
3.275238057409302961e+00
3.263847742735322299e+00
3.253928291544644136e+00
3.264665374427746070e+00
3.240953029253094364e+00
3.270773351118926531e+00
